-3.058287770143229816e-03 -3.058287769628578994e-03 -3.058287766726370573e-03 -3.058287752869915527e-03 -3.058287696953071455e-03 -3.058287506675022062e-03 -3.058286962469025823e-03 -3.058285660600864372e-03 -3.058283075162001371e-03 -3.058278866121841126e-03 -3.058273380527717650e-03 -3.058267953770846519e-03 -3.058264515399473742e-03 -3.058264515399473742e-03 -3.058267953770846519e-03 -3.058273380527717650e-03 -3.058278866121841126e-03 -3.058283075162001371e-03 -3.058285660600864372e-03 -3.058286962469025823e-03 -3.058287506675022062e-03 -3.058287696953071455e-03 -3.058287752869915527e-03 -3.058287766726370573e-03 -3.058287769628578994e-03
-3.058287769628578994e-03 -3.058287766118167848e-03 -3.058287746322325799e-03 -3.058287651808019696e-03 -3.058287270401551221e-03 -3.058285972522878197e-03 -3.058282260516378710e-03 -3.058273380527717650e-03 -3.058255745356607772e-03 -3.058227035668477020e-03 -3.058189618658781975e-03 -3.058152602975542939e-03 -3.058129149987207258e-03 -3.058129149987207258e-03 -3.058152602975542939e-03 -3.058189618658781975e-03 -3.058227035668477020e-03 -3.058255745356607772e-03 -3.058273380527717650e-03 -3.058282260516378710e-03 -3.058285972522878197e-03 -3.058287270401551221e-03 -3.058287651808019696e-03 -3.058287746322325799e-03 -3.058287766118167848e-03
-3.058287766726370573e-03 -3.058287746322325799e-03 -3.058287631260233567e-03 -3.058287081901746047e-03 -3.058284865000525290e-03 -3.058277321161993571e-03 -3.058255745356607772e-03 -3.058204130978452173e-03 -3.058101627650438269e-03 -3.057934754385563565e-03 -3.057717270359225619e-03 -3.057502119017787082e-03 -3.057365799991375050e-03 -3.057365799991375050e-03 -3.057502119017787082e-03 -3.057717270359225619e-03 -3.057934754385563565e-03 -3.058101627650438269e-03 -3.058204130978452173e-03 -3.058255745356607772e-03 -3.058277321161993571e-03 -3.058284865000525290e-03 -3.058287081901746047e-03 -3.058287631260233567e-03 -3.058287746322325799e-03
-3.058287752869915527e-03 -3.058287651808019696e-03 -3.058287081901746047e-03 -3.058284360911343869e-03 -3.058273380527717650e-03 -3.058236015650865353e-03 -3.058129149987207258e-03 -3.057873502298636727e-03 -3.057365799991375050e-03 -3.056539271299686753e-03 -3.055462065865447319e-03 -3.054396414295149423e-03 -3.053721221737269297e-03 -3.053721221737269297e-03 -3.054396414295149423e-03 -3.055462065865447319e-03 -3.056539271299686753e-03 -3.057365799991375050e-03 -3.057873502298636727e-03 -3.058129149987207258e-03 -3.058236015650865353e-03 -3.058273380527717650e-03 -3.058284360911343869e-03 -3.058287081901746047e-03 -3.058287651808019696e-03
-3.058287696953071455e-03 -3.058287270401551221e-03 -3.058284865000525290e-03 -3.058273380527717650e-03 -3.058227035668477020e-03 -3.058069329889044966e-03 -3.057618282429461990e-03 -3.056539271299686753e-03 -3.054396414295149423e-03 -3.050907888103512877e-03 -3.046361331633171479e-03 -3.041863540508039487e-03 -3.039013758103327641e-03 -3.039013758103327641e-03 -3.041863540508039487e-03 -3.046361331633171479e-03 -3.050907888103512877e-03 -3.054396414295149423e-03 -3.056539271299686753e-03 -3.057618282429461990e-03 -3.058069329889044966e-03 -3.058227035668477020e-03 -3.058273380527717650e-03 -3.058284865000525290e-03 -3.058287270401551221e-03
-3.058287506675022062e-03 -3.058285972522878197e-03 -3.058277321161993571e-03 -3.058236015650865353e-03 -3.058069329889044966e-03 -3.057502119017787082e-03 -3.055879863806534608e-03 -3.051999049512854438e-03 -3.044291964884120270e-03 -3.031744992999591687e-03 -3.015392667383817032e-03 -2.999215733145855177e-03 -2.988966092539839525e-03 -2.988966092539839525e-03 -2.999215733145855177e-03 -3.015392667383817032e-03 -3.031744992999591687e-03 -3.044291964884120270e-03 -3.051999049512854438e-03 -3.055879863806534608e-03 -3.057502119017787082e-03 -3.058069329889044966e-03 -3.058236015650865353e-03 -3.058277321161993571e-03 -3.058285972522878197e-03
-3.058286962469025823e-03 -3.058282260516378710e-03 -3.058255745356607772e-03 -3.058129149987207258e-03 -3.057618282429461990e-03 -3.055879863806534608e-03 -3.050907888103512877e-03 -3.039013758103327641e-03 -3.015392667383817032e-03 -2.976938027864921461e-03 -2.926820533967797178e-03 -2.877240589072186088e-03 -2.845826934978596800e-03 -2.845826934978596800e-03 -2.877240589072186088e-03 -2.926820533967797178e-03 -2.976938027864921461e-03 -3.015392667383817032e-03 -3.039013758103327641e-03 -3.050907888103512877e-03 -3.055879863806534608e-03 -3.057618282429461990e-03 -3.058129149987207258e-03 -3.058255745356607772e-03 -3.058282260516378710e-03
-3.058285660600864372e-03 -3.058273380527717650e-03 -3.058204130978452173e-03 -3.057873502298636727e-03 -3.056539271299686753e-03 -3.051999049512854438e-03 -3.039013758103327641e-03 -3.007949900727407370e-03 -2.946258781396853682e-03 -2.845826934978596800e-03 -2.714935252910673225e-03 -2.585447485674293149e-03 -2.503404556060732054e-03 -2.503404556060732054e-03 -2.585447485674293149e-03 -2.714935252910673225e-03 -2.845826934978596800e-03 -2.946258781396853682e-03 -3.007949900727407370e-03 -3.039013758103327641e-03 -3.051999049512854438e-03 -3.056539271299686753e-03 -3.057873502298636727e-03 -3.058204130978452173e-03 -3.058273380527717650e-03
-3.058283075162001371e-03 -3.058255745356607772e-03 -3.058101627650438269e-03 -3.057365799991375050e-03 -3.054396414295149423e-03 -3.044291964884120270e-03 -3.015392667383817032e-03 -2.946258781396853682e-03 -2.808962670402192878e-03 -2.585447485674293149e-03 -2.294142690032905697e-03 -2.005962364309236013e-03 -1.823372466560828787e-03 -1.823372466560828787e-03 -2.005962364309236013e-03 -2.294142690032905697e-03 -2.585447485674293149e-03 -2.808962670402192878e-03 -2.946258781396853682e-03 -3.015392667383817032e-03 -3.044291964884120270e-03 -3.054396414295149423e-03 -3.057365799991375050e-03 -3.058101627650438269e-03 -3.058255745356607772e-03
-3.058278866121841126e-03 -3.058227035668477020e-03 -3.057934754385563565e-03 -3.056539271299686753e-03 -3.050907888103512877e-03 -3.031744992999591687e-03 -2.976938027864921461e-03 -2.845826934978596800e-03 -2.585447485674293149e-03 -2.161555211603516727e-03 -1.609101236619789668e-03 -1.062572759092975452e-03 -7.162945092588747856e-04 -7.162945092588747856e-04 -1.062572759092975452e-03 -1.609101236619789668e-03 -2.161555211603516727e-03 -2.585447485674293149e-03 -2.845826934978596800e-03 -2.976938027864921461e-03 -3.031744992999591687e-03 -3.050907888103512877e-03 -3.056539271299686753e-03 -3.057934754385563565e-03 -3.058227035668477020e-03
-3.058273380527717650e-03 -3.058189618658781975e-03 -3.057717270359225619e-03 -3.055462065865447319e-03 -3.046361331633171479e-03 -3.015392667383817032e-03 -2.926820533967797178e-03 -2.714935252910673225e-03 -2.294142690032905697e-03 -1.609101236619789668e-03 -7.162945092588747856e-04 1.669361733416638467e-04 7.265475889347101576e-04 7.265475889347101576e-04 1.669361733416638467e-04 -7.162945092588747856e-04 -1.609101236619789668e-03 -2.294142690032905697e-03 -2.714935252910673225e-03 -2.926820533967797178e-03 -3.015392667383817032e-03 -3.046361331633171479e-03 -3.055462065865447319e-03 -3.057717270359225619e-03 -3.058189618658781975e-03
-3.058267953770846519e-03 -3.058152602975542939e-03 -3.057502119017787082e-03 -3.054396414295149423e-03 -3.041863540508039487e-03 -2.999215733145855177e-03 -2.877240589072186088e-03 -2.585447485674293149e-03 -2.005962364309236013e-03 -1.062572759092975452e-03 1.669361733416638467e-04 1.383257668664261697e-03 2.153914086316792952e-03 2.153914086316792952e-03 1.383257668664261697e-03 1.669361733416638467e-04 -1.062572759092975452e-03 -2.005962364309236013e-03 -2.585447485674293149e-03 -2.877240589072186088e-03 -2.999215733145855177e-03 -3.041863540508039487e-03 -3.054396414295149423e-03 -3.057502119017787082e-03 -3.058152602975542939e-03
-3.058264515399473742e-03 -3.058129149987207258e-03 -3.057365799991375050e-03 -3.053721221737269297e-03 -3.039013758103327641e-03 -2.988966092539839525e-03 -2.845826934978596800e-03 -2.503404556060732054e-03 -1.823372466560828787e-03 -7.162945092588747856e-04 7.265475889347101576e-04 2.153914086316792952e-03 3.058287770231643034e-03 3.058287770231643034e-03 2.153914086316792952e-03 7.265475889347101576e-04 -7.162945092588747856e-04 -1.823372466560828787e-03 -2.503404556060732054e-03 -2.845826934978596800e-03 -2.988966092539839525e-03 -3.039013758103327641e-03 -3.053721221737269297e-03 -3.057365799991375050e-03 -3.058129149987207258e-03
-3.058264515399473742e-03 -3.058129149987207258e-03 -3.057365799991375050e-03 -3.053721221737269297e-03 -3.039013758103327641e-03 -2.988966092539839525e-03 -2.845826934978596800e-03 -2.503404556060732054e-03 -1.823372466560828787e-03 -7.162945092588747856e-04 7.265475889347101576e-04 2.153914086316792952e-03 3.058287770231643034e-03 3.058287770231643034e-03 2.153914086316792952e-03 7.265475889347101576e-04 -7.162945092588747856e-04 -1.823372466560828787e-03 -2.503404556060732054e-03 -2.845826934978596800e-03 -2.988966092539839525e-03 -3.039013758103327641e-03 -3.053721221737269297e-03 -3.057365799991375050e-03 -3.058129149987207258e-03
-3.058267953770846519e-03 -3.058152602975542939e-03 -3.057502119017787082e-03 -3.054396414295149423e-03 -3.041863540508039487e-03 -2.999215733145855177e-03 -2.877240589072186088e-03 -2.585447485674293149e-03 -2.005962364309236013e-03 -1.062572759092975452e-03 1.669361733416638467e-04 1.383257668664261697e-03 2.153914086316792952e-03 2.153914086316792952e-03 1.383257668664261697e-03 1.669361733416638467e-04 -1.062572759092975452e-03 -2.005962364309236013e-03 -2.585447485674293149e-03 -2.877240589072186088e-03 -2.999215733145855177e-03 -3.041863540508039487e-03 -3.054396414295149423e-03 -3.057502119017787082e-03 -3.058152602975542939e-03
-3.058273380527717650e-03 -3.058189618658781975e-03 -3.057717270359225619e-03 -3.055462065865447319e-03 -3.046361331633171479e-03 -3.015392667383817032e-03 -2.926820533967797178e-03 -2.714935252910673225e-03 -2.294142690032905697e-03 -1.609101236619789668e-03 -7.162945092588747856e-04 1.669361733416638467e-04 7.265475889347101576e-04 7.265475889347101576e-04 1.669361733416638467e-04 -7.162945092588747856e-04 -1.609101236619789668e-03 -2.294142690032905697e-03 -2.714935252910673225e-03 -2.926820533967797178e-03 -3.015392667383817032e-03 -3.046361331633171479e-03 -3.055462065865447319e-03 -3.057717270359225619e-03 -3.058189618658781975e-03
-3.058278866121841126e-03 -3.058227035668477020e-03 -3.057934754385563565e-03 -3.056539271299686753e-03 -3.050907888103512877e-03 -3.031744992999591687e-03 -2.976938027864921461e-03 -2.845826934978596800e-03 -2.585447485674293149e-03 -2.161555211603516727e-03 -1.609101236619789668e-03 -1.062572759092975452e-03 -7.162945092588747856e-04 -7.162945092588747856e-04 -1.062572759092975452e-03 -1.609101236619789668e-03 -2.161555211603516727e-03 -2.585447485674293149e-03 -2.845826934978596800e-03 -2.976938027864921461e-03 -3.031744992999591687e-03 -3.050907888103512877e-03 -3.056539271299686753e-03 -3.057934754385563565e-03 -3.058227035668477020e-03
-3.058283075162001371e-03 -3.058255745356607772e-03 -3.058101627650438269e-03 -3.057365799991375050e-03 -3.054396414295149423e-03 -3.044291964884120270e-03 -3.015392667383817032e-03 -2.946258781396853682e-03 -2.808962670402192878e-03 -2.585447485674293149e-03 -2.294142690032905697e-03 -2.005962364309236013e-03 -1.823372466560828787e-03 -1.823372466560828787e-03 -2.005962364309236013e-03 -2.294142690032905697e-03 -2.585447485674293149e-03 -2.808962670402192878e-03 -2.946258781396853682e-03 -3.015392667383817032e-03 -3.044291964884120270e-03 -3.054396414295149423e-03 -3.057365799991375050e-03 -3.058101627650438269e-03 -3.058255745356607772e-03
-3.058285660600864372e-03 -3.058273380527717650e-03 -3.058204130978452173e-03 -3.057873502298636727e-03 -3.056539271299686753e-03 -3.051999049512854438e-03 -3.039013758103327641e-03 -3.007949900727407370e-03 -2.946258781396853682e-03 -2.845826934978596800e-03 -2.714935252910673225e-03 -2.585447485674293149e-03 -2.503404556060732054e-03 -2.503404556060732054e-03 -2.585447485674293149e-03 -2.714935252910673225e-03 -2.845826934978596800e-03 -2.946258781396853682e-03 -3.007949900727407370e-03 -3.039013758103327641e-03 -3.051999049512854438e-03 -3.056539271299686753e-03 -3.057873502298636727e-03 -3.058204130978452173e-03 -3.058273380527717650e-03
-3.058286962469025823e-03 -3.058282260516378710e-03 -3.058255745356607772e-03 -3.058129149987207258e-03 -3.057618282429461990e-03 -3.055879863806534608e-03 -3.050907888103512877e-03 -3.039013758103327641e-03 -3.015392667383817032e-03 -2.976938027864921461e-03 -2.926820533967797178e-03 -2.877240589072186088e-03 -2.845826934978596800e-03 -2.845826934978596800e-03 -2.877240589072186088e-03 -2.926820533967797178e-03 -2.976938027864921461e-03 -3.015392667383817032e-03 -3.039013758103327641e-03 -3.050907888103512877e-03 -3.055879863806534608e-03 -3.057618282429461990e-03 -3.058129149987207258e-03 -3.058255745356607772e-03 -3.058282260516378710e-03
-3.058287506675022062e-03 -3.058285972522878197e-03 -3.058277321161993571e-03 -3.058236015650865353e-03 -3.058069329889044966e-03 -3.057502119017787082e-03 -3.055879863806534608e-03 -3.051999049512854438e-03 -3.044291964884120270e-03 -3.031744992999591687e-03 -3.015392667383817032e-03 -2.999215733145855177e-03 -2.988966092539839525e-03 -2.988966092539839525e-03 -2.999215733145855177e-03 -3.015392667383817032e-03 -3.031744992999591687e-03 -3.044291964884120270e-03 -3.051999049512854438e-03 -3.055879863806534608e-03 -3.057502119017787082e-03 -3.058069329889044966e-03 -3.058236015650865353e-03 -3.058277321161993571e-03 -3.058285972522878197e-03
-3.058287696953071455e-03 -3.058287270401551221e-03 -3.058284865000525290e-03 -3.058273380527717650e-03 -3.058227035668477020e-03 -3.058069329889044966e-03 -3.057618282429461990e-03 -3.056539271299686753e-03 -3.054396414295149423e-03 -3.050907888103512877e-03 -3.046361331633171479e-03 -3.041863540508039487e-03 -3.039013758103327641e-03 -3.039013758103327641e-03 -3.041863540508039487e-03 -3.046361331633171479e-03 -3.050907888103512877e-03 -3.054396414295149423e-03 -3.056539271299686753e-03 -3.057618282429461990e-03 -3.058069329889044966e-03 -3.058227035668477020e-03 -3.058273380527717650e-03 -3.058284865000525290e-03 -3.058287270401551221e-03
-3.058287752869915527e-03 -3.058287651808019696e-03 -3.058287081901746047e-03 -3.058284360911343869e-03 -3.058273380527717650e-03 -3.058236015650865353e-03 -3.058129149987207258e-03 -3.057873502298636727e-03 -3.057365799991375050e-03 -3.056539271299686753e-03 -3.055462065865447319e-03 -3.054396414295149423e-03 -3.053721221737269297e-03 -3.053721221737269297e-03 -3.054396414295149423e-03 -3.055462065865447319e-03 -3.056539271299686753e-03 -3.057365799991375050e-03 -3.057873502298636727e-03 -3.058129149987207258e-03 -3.058236015650865353e-03 -3.058273380527717650e-03 -3.058284360911343869e-03 -3.058287081901746047e-03 -3.058287651808019696e-03
-3.058287766726370573e-03 -3.058287746322325799e-03 -3.058287631260233567e-03 -3.058287081901746047e-03 -3.058284865000525290e-03 -3.058277321161993571e-03 -3.058255745356607772e-03 -3.058204130978452173e-03 -3.058101627650438269e-03 -3.057934754385563565e-03 -3.057717270359225619e-03 -3.057502119017787082e-03 -3.057365799991375050e-03 -3.057365799991375050e-03 -3.057502119017787082e-03 -3.057717270359225619e-03 -3.057934754385563565e-03 -3.058101627650438269e-03 -3.058204130978452173e-03 -3.058255745356607772e-03 -3.058277321161993571e-03 -3.058284865000525290e-03 -3.058287081901746047e-03 -3.058287631260233567e-03 -3.058287746322325799e-03
-3.058287769628578994e-03 -3.058287766118167848e-03 -3.058287746322325799e-03 -3.058287651808019696e-03 -3.058287270401551221e-03 -3.058285972522878197e-03 -3.058282260516378710e-03 -3.058273380527717650e-03 -3.058255745356607772e-03 -3.058227035668477020e-03 -3.058189618658781975e-03 -3.058152602975542939e-03 -3.058129149987207258e-03 -3.058129149987207258e-03 -3.058152602975542939e-03 -3.058189618658781975e-03 -3.058227035668477020e-03 -3.058255745356607772e-03 -3.058273380527717650e-03 -3.058282260516378710e-03 -3.058285972522878197e-03 -3.058287270401551221e-03 -3.058287651808019696e-03 -3.058287746322325799e-03 -3.058287766118167848e-03
