-3.183098861749496071e-03 -3.183098861692867324e-03 -3.183098861602335575e-03 -3.183098861459103361e-03 -3.183098861234845249e-03 -3.183098860887375800e-03 -3.183098860354610996e-03 -3.183098859546268020e-03 -3.183098858332636828e-03 -3.183098856529627263e-03 -3.183098853879188801e-03 -3.183098850024110651e-03 -3.183098844476181782e-03 -3.183098836576744601e-03 -3.183098825448847820e-03 -3.183098809940533569e-03 -3.183098788559337710e-03 -3.183098759398835138e-03 -3.183098720059091002e-03 -3.183098667564163761e-03 -3.183098598281288317e-03 -3.183098507848064907e-03 -3.183098391115656012e-03 -3.183098242117623350e-03 -3.183098054075292078e-03 -3.183097819451253131e-03 -3.183097530062500586e-03 -3.183097177263516982e-03 -3.183096752207130627e-03 -3.183096246187090521e-03 -3.183095651060968093e-03 -3.183094959745417282e-03 -3.183094166768267626e-03 -3.183093268853962217e-03 -3.183092265511128921e-03 -3.183091159584430178e-03 -3.183089957728107381e-03 -3.183088670756709006e-03 -3.183087313830012133e-03 -3.183085906434592310e-03 -3.183084472133983905e-03 -3.183083038072564812e-03 -3.183081634234519435e-03 -3.183080292477257715e-03 -3.183079045377112774e-03 -3.183077924942238988e-03 -3.183076961261738138e-03 -3.183076181169592310e-03 -3.183075607005739997e-03 -3.183075255553959124e-03 -3.183075137226968124e-03 -3.183075255553959124e-03 -3.183075607005739997e-03 -3.183076181169592310e-03 -3.183076961261738138e-03 -3.183077924942238988e-03 -3.183079045377112774e-03 -3.183080292477257715e-03 -3.183081634234519435e-03 -3.183083038072564812e-03 -3.183084472133983905e-03 -3.183085906434592310e-03 -3.183087313830012133e-03 -3.183088670756709006e-03 -3.183089957728107381e-03 -3.183091159584430178e-03 -3.183092265511128921e-03 -3.183093268853962217e-03 -3.183094166768267626e-03 -3.183094959745417282e-03 -3.183095651060968093e-03 -3.183096246187090521e-03 -3.183096752207130627e-03 -3.183097177263516982e-03 -3.183097530062500586e-03 -3.183097819451253131e-03 -3.183098054075292078e-03 -3.183098242117623350e-03 -3.183098391115656012e-03 -3.183098507848064907e-03 -3.183098598281288317e-03 -3.183098667564163761e-03 -3.183098720059091002e-03 -3.183098759398835138e-03 -3.183098788559337710e-03 -3.183098809940533569e-03 -3.183098825448847820e-03 -3.183098836576744601e-03 -3.183098844476181782e-03 -3.183098850024110651e-03 -3.183098853879188801e-03 -3.183098856529627263e-03 -3.183098858332636828e-03 -3.183098859546268020e-03 -3.183098860354610996e-03 -3.183098860887375800e-03 -3.183098861234845249e-03 -3.183098861459103361e-03 -3.183098861602335575e-03 -3.183098861692867324e-03
-3.183098861692867324e-03 -3.183098861599968112e-03 -3.183098861451451062e-03 -3.183098861216479298e-03 -3.183098860848583480e-03 -3.183098860278560718e-03 -3.183098859404561061e-03 -3.183098858078475986e-03 -3.183098856087516072e-03 -3.183098853129682007e-03 -3.183098848781642717e-03 -3.183098842457393433e-03 -3.183098833356025770e-03 -3.183098820397013001e-03 -3.183098802141717722e-03 -3.183098776700356031e-03 -3.183098741624541816e-03 -3.183098693786788527e-03 -3.183098629250007659e-03 -3.183098543132171707e-03 -3.183098429473737046e-03 -3.183098281118193051e-03 -3.183098089618881417e-03 -3.183097845187871262e-03 -3.183097536704758510e-03 -3.183097151804435525e-03 -3.183096677062696982e-03 -3.183096098296585123e-03 -3.183095400992332156e-03 -3.183094570867346911e-03 -3.183093594563991043e-03 -3.183092460462047611e-03 -3.183091159584430178e-03 -3.183089686557592952e-03 -3.183088040575442028e-03 -3.183086226304639860e-03 -3.183084254661458674e-03 -3.183082143387145745e-03 -3.183079917351289232e-03 -3.183077608521581517e-03 -3.183075255553959124e-03 -3.183072902978726845e-03 -3.183070599984885209e-03 -3.183068398834460085e-03 -3.183066352968868563e-03 -3.183064514897430454e-03 -3.183062933981265982e-03 -3.183061654241474414e-03 -3.183060712326686494e-03 -3.183060135770658314e-03 -3.183059941655438322e-03 -3.183060135770658314e-03 -3.183060712326686494e-03 -3.183061654241474414e-03 -3.183062933981265982e-03 -3.183064514897430454e-03 -3.183066352968868563e-03 -3.183068398834460085e-03 -3.183070599984885209e-03 -3.183072902978726845e-03 -3.183075255553959124e-03 -3.183077608521581517e-03 -3.183079917351289232e-03 -3.183082143387145745e-03 -3.183084254661458674e-03 -3.183086226304639860e-03 -3.183088040575442028e-03 -3.183089686557592952e-03 -3.183091159584430178e-03 -3.183092460462047611e-03 -3.183093594563991043e-03 -3.183094570867346911e-03 -3.183095400992332156e-03 -3.183096098296585123e-03 -3.183096677062696982e-03 -3.183097151804435525e-03 -3.183097536704758510e-03 -3.183097845187871262e-03 -3.183098089618881417e-03 -3.183098281118193051e-03 -3.183098429473737046e-03 -3.183098543132171707e-03 -3.183098629250007659e-03 -3.183098693786788527e-03 -3.183098741624541816e-03 -3.183098776700356031e-03 -3.183098802141717722e-03 -3.183098820397013001e-03 -3.183098833356025770e-03 -3.183098842457393433e-03 -3.183098848781642717e-03 -3.183098853129682007e-03 -3.183098856087516072e-03 -3.183098858078475986e-03 -3.183098859404561061e-03 -3.183098860278560718e-03 -3.183098860848583480e-03 -3.183098861216479298e-03 -3.183098861451451062e-03 -3.183098861599968112e-03
-3.183098861602335575e-03 -3.183098861451451062e-03 -3.183098861210233860e-03 -3.183098860828598164e-03 -3.183098860231071362e-03 -3.183098859305254213e-03 -3.183098857885725656e-03 -3.183098855731931586e-03 -3.183098852498264346e-03 -3.183098847694224368e-03 -3.183098840632247063e-03 -3.183098830360559916e-03 -3.183098815578345835e-03 -3.183098794530641457e-03 -3.183098764880847118e-03 -3.183098723559622464e-03 -3.183098666590362426e-03 -3.183098588893478343e-03 -3.183098484074452488e-03 -3.183098344204014774e-03 -3.183098159602825838e-03 -3.183097918647458634e-03 -3.183097607619062887e-03 -3.183097210620324750e-03 -3.183096709589762225e-03 -3.183096084444276934e-03 -3.183095313380609158e-03 -3.183094373363155091e-03 -3.183093240819013289e-03 -3.183091892550758001e-03 -3.183090306863246583e-03 -3.183088464883212371e-03 -3.183086352030296742e-03 -3.183083959576920273e-03 -3.183081286213845524e-03 -3.183078339520549905e-03 -3.183075137226968124e-03 -3.183071708147992927e-03 -3.183068092676185571e-03 -3.183064342732674912e-03 -3.183060521101465506e-03 -3.183056700107567052e-03 -3.183052959642523883e-03 -3.183049384589012407e-03 -3.183046061745247509e-03 -3.183043076395553495e-03 -3.183040508711027991e-03 -3.183038430189640867e-03 -3.183036900355181234e-03 -3.183035963927288974e-03 -3.183035648650200250e-03 -3.183035963927288974e-03 -3.183036900355181234e-03 -3.183038430189640867e-03 -3.183040508711027991e-03 -3.183043076395553495e-03 -3.183046061745247509e-03 -3.183049384589012407e-03 -3.183052959642523883e-03 -3.183056700107567052e-03 -3.183060521101465506e-03 -3.183064342732674912e-03 -3.183068092676185571e-03 -3.183071708147992927e-03 -3.183075137226968124e-03 -3.183078339520549905e-03 -3.183081286213845524e-03 -3.183083959576920273e-03 -3.183086352030296742e-03 -3.183088464883212371e-03 -3.183090306863246583e-03 -3.183091892550758001e-03 -3.183093240819013289e-03 -3.183094373363155091e-03 -3.183095313380609158e-03 -3.183096084444276934e-03 -3.183096709589762225e-03 -3.183097210620324750e-03 -3.183097607619062887e-03 -3.183097918647458634e-03 -3.183098159602825838e-03 -3.183098344204014774e-03 -3.183098484074452488e-03 -3.183098588893478343e-03 -3.183098666590362426e-03 -3.183098723559622464e-03 -3.183098764880847118e-03 -3.183098794530641457e-03 -3.183098815578345835e-03 -3.183098830360559916e-03 -3.183098840632247063e-03 -3.183098847694224368e-03 -3.183098852498264346e-03 -3.183098855731931586e-03 -3.183098857885725656e-03 -3.183098859305254213e-03 -3.183098860231071362e-03 -3.183098860828598164e-03 -3.183098861210233860e-03 -3.183098861451451062e-03
-3.183098861459103361e-03 -3.183098861216479298e-03 -3.183098860828598164e-03 -3.183098860214922388e-03 -3.183098859254091147e-03 -3.183098857765364036e-03 -3.183098855482742028e-03 -3.183098852019410844e-03 -3.183098846819627965e-03 -3.183098839094663200e-03 -3.183098827738903552e-03 -3.183098811221884462e-03 -3.183098787451874197e-03 -3.183098753606866671e-03 -3.183098705929576604e-03 -3.183098639484461135e-03 -3.183098547877081901e-03 -3.183098422939389330e-03 -3.183098254388907165e-03 -3.183098029475258262e-03 -3.183097732633925064e-03 -3.183097345174273896e-03 -3.183096845036197543e-03 -3.183096206656590554e-03 -3.183095400992332156e-03 -3.183094395749516085e-03 -3.183093155868191738e-03 -3.183091644306779242e-03 -3.183089823159720565e-03 -3.183087655125223844e-03 -3.183085105317192028e-03 -3.183082143387145745e-03 -3.183078745889660575e-03 -3.183074898790664436e-03 -3.183070599984885209e-03 -3.183065861660230259e-03 -3.183060712326686494e-03 -3.183055198319009391e-03 -3.183049384589012407e-03 -3.183043354626608010e-03 -3.183037209389365761e-03 -3.183031065176927885e-03 -3.183025050456033799e-03 -3.183019301719230802e-03 -3.183013958539280663e-03 -3.183009158054588179e-03 -3.183005029181416000e-03 -3.183001686889516159e-03 -3.182999226893985529e-03 -3.182997721104639886e-03 -3.182997214134604489e-03 -3.182997721104639886e-03 -3.182999226893985529e-03 -3.183001686889516159e-03 -3.183005029181416000e-03 -3.183009158054588179e-03 -3.183013958539280663e-03 -3.183019301719230802e-03 -3.183025050456033799e-03 -3.183031065176927885e-03 -3.183037209389365761e-03 -3.183043354626608010e-03 -3.183049384589012407e-03 -3.183055198319009391e-03 -3.183060712326686494e-03 -3.183065861660230259e-03 -3.183070599984885209e-03 -3.183074898790664436e-03 -3.183078745889660575e-03 -3.183082143387145745e-03 -3.183085105317192028e-03 -3.183087655125223844e-03 -3.183089823159720565e-03 -3.183091644306779242e-03 -3.183093155868191738e-03 -3.183094395749516085e-03 -3.183095400992332156e-03 -3.183096206656590554e-03 -3.183096845036197543e-03 -3.183097345174273896e-03 -3.183097732633925064e-03 -3.183098029475258262e-03 -3.183098254388907165e-03 -3.183098422939389330e-03 -3.183098547877081901e-03 -3.183098639484461135e-03 -3.183098705929576604e-03 -3.183098753606866671e-03 -3.183098787451874197e-03 -3.183098811221884462e-03 -3.183098827738903552e-03 -3.183098839094663200e-03 -3.183098846819627965e-03 -3.183098852019410844e-03 -3.183098855482742028e-03 -3.183098857765364036e-03 -3.183098859254091147e-03 -3.183098860214922388e-03 -3.183098860828598164e-03 -3.183098861216479298e-03
-3.183098861234845249e-03 -3.183098860848583480e-03 -3.183098860231071362e-03 -3.183098859254091147e-03 -3.183098857724434103e-03 -3.183098855354359047e-03 -3.183098851720392655e-03 -3.183098846206720237e-03 -3.183098837928592054e-03 -3.183098825630338927e-03 -3.183098807551808501e-03 -3.183098781256479305e-03 -3.183098743414285951e-03 -3.183098689532553975e-03 -3.183098613629631139e-03 -3.183098507848064907e-03 -3.183098362007817476e-03 -3.183098163105237740e-03 -3.183097894770478813e-03 -3.183097536704758510e-03 -3.183097064129144452e-03 -3.183096447287881922e-03 -3.183095651060968093e-03 -3.183094634751575981e-03 -3.183093352122644965e-03 -3.183091751761818900e-03 -3.183089777853157377e-03 -3.183087371425941461e-03 -3.183084472133983905e-03 -3.183081020592303401e-03 -3.183076961261738138e-03 -3.183072245827077776e-03 -3.183066836962874027e-03 -3.183060712326686494e-03 -3.183053868566890644e-03 -3.183046325086808306e-03 -3.183038127274743275e-03 -3.183029348896284239e-03 -3.183020093355638704e-03 -3.183010493569931893e-03 -3.183000710265048230e-03 -3.182990928591668094e-03 -3.182981353070662208e-03 -3.182972201000103772e-03 -3.182963694581809194e-03 -3.182956052142065211e-03 -3.182949478917391009e-03 -3.182944157941262550e-03 -3.182940241593473513e-03 -3.182937844355469923e-03 -3.182937037251980412e-03 -3.182937844355469923e-03 -3.182940241593473513e-03 -3.182944157941262550e-03 -3.182949478917391009e-03 -3.182956052142065211e-03 -3.182963694581809194e-03 -3.182972201000103772e-03 -3.182981353070662208e-03 -3.182990928591668094e-03 -3.183000710265048230e-03 -3.183010493569931893e-03 -3.183020093355638704e-03 -3.183029348896284239e-03 -3.183038127274743275e-03 -3.183046325086808306e-03 -3.183053868566890644e-03 -3.183060712326686494e-03 -3.183066836962874027e-03 -3.183072245827077776e-03 -3.183076961261738138e-03 -3.183081020592303401e-03 -3.183084472133983905e-03 -3.183087371425941461e-03 -3.183089777853157377e-03 -3.183091751761818900e-03 -3.183093352122644965e-03 -3.183094634751575981e-03 -3.183095651060968093e-03 -3.183096447287881922e-03 -3.183097064129144452e-03 -3.183097536704758510e-03 -3.183097894770478813e-03 -3.183098163105237740e-03 -3.183098362007817476e-03 -3.183098507848064907e-03 -3.183098613629631139e-03 -3.183098689532553975e-03 -3.183098743414285951e-03 -3.183098781256479305e-03 -3.183098807551808501e-03 -3.183098825630338927e-03 -3.183098837928592054e-03 -3.183098846206720237e-03 -3.183098851720392655e-03 -3.183098855354359047e-03 -3.183098857724434103e-03 -3.183098859254091147e-03 -3.183098860231071362e-03 -3.183098860848583480e-03
-3.183098860887375800e-03 -3.183098860278560718e-03 -3.183098859305254213e-03 -3.183098857765364036e-03 -3.183098855354359047e-03 -3.183098851618710104e-03 -3.183098845890948957e-03 -3.183098837200444911e-03 -3.183098824152679786e-03 -3.183098804768500628e-03 -3.183098776273601913e-03 -3.183098734827604238e-03 -3.183098675181746107e-03 -3.183098590254794351e-03 -3.183098470618627926e-03 -3.183098303888538556e-03 -3.183098074019022339e-03 -3.183097760514070739e-03 -3.183097337571965790e-03 -3.183096773198307739e-03 -3.183096028337203520e-03 -3.183095056088424205e-03 -3.183093801096755458e-03 -3.183092199216942635e-03 -3.183090177571361659e-03 -3.183087655125223844e-03 -3.183084543902931461e-03 -3.183080750956405591e-03 -3.183076181169592310e-03 -3.183070740941465384e-03 -3.183064342732674912e-03 -3.183056910390074171e-03 -3.183048385082284156e-03 -3.183038731593743932e-03 -3.183027944641713975e-03 -3.183016054809192658e-03 -3.183003133636016536e-03 -3.182989297389543330e-03 -3.182974709052732200e-03 -3.182959578126018808e-03 -3.182944157941262550e-03 -3.182928740328039557e-03 -3.182913647646701347e-03 -3.182899222396687322e-03 -3.182885814806586233e-03 -3.182873768996480335e-03 -3.182863408454708609e-03 -3.182855021673763104e-03 -3.182848848830619349e-03 -3.182845070367885248e-03 -3.182843798232847746e-03 -3.182845070367885248e-03 -3.182848848830619349e-03 -3.182855021673763104e-03 -3.182863408454708609e-03 -3.182873768996480335e-03 -3.182885814806586233e-03 -3.182899222396687322e-03 -3.182913647646701347e-03 -3.182928740328039557e-03 -3.182944157941262550e-03 -3.182959578126018808e-03 -3.182974709052732200e-03 -3.182989297389543330e-03 -3.183003133636016536e-03 -3.183016054809192658e-03 -3.183027944641713975e-03 -3.183038731593743932e-03 -3.183048385082284156e-03 -3.183056910390074171e-03 -3.183064342732674912e-03 -3.183070740941465384e-03 -3.183076181169592310e-03 -3.183080750956405591e-03 -3.183084543902931461e-03 -3.183087655125223844e-03 -3.183090177571361659e-03 -3.183092199216942635e-03 -3.183093801096755458e-03 -3.183095056088424205e-03 -3.183096028337203520e-03 -3.183096773198307739e-03 -3.183097337571965790e-03 -3.183097760514070739e-03 -3.183098074019022339e-03 -3.183098303888538556e-03 -3.183098470618627926e-03 -3.183098590254794351e-03 -3.183098675181746107e-03 -3.183098734827604238e-03 -3.183098776273601913e-03 -3.183098804768500628e-03 -3.183098824152679786e-03 -3.183098837200444911e-03 -3.183098845890948957e-03 -3.183098851618710104e-03 -3.183098855354359047e-03 -3.183098857765364036e-03 -3.183098859305254213e-03 -3.183098860278560718e-03
-3.183098860354610996e-03 -3.183098859404561061e-03 -3.183098857885725656e-03 -3.183098855482742028e-03 -3.183098851720392655e-03 -3.183098845890948957e-03 -3.183098836952834385e-03 -3.183098823391387715e-03 -3.183098803030478142e-03 -3.183098772781656465e-03 -3.183098728315646598e-03 -3.183098663639573507e-03 -3.183098570562796752e-03 -3.183098438035121287e-03 -3.183098251344056336e-03 -3.183097991163386792e-03 -3.183097632454260154e-03 -3.183097143232857182e-03 -3.183096483235848748e-03 -3.183095602536288593e-03 -3.183094440187838031e-03 -3.183092923003149818e-03 -3.183090964600955065e-03 -3.183088464883212371e-03 -3.183085310125103543e-03 -3.183081373872636340e-03 -3.183076518840752007e-03 -3.183070599984885209e-03 -3.183063468877365618e-03 -3.183054979454710311e-03 -3.183044995112622403e-03 -3.183033397014861567e-03 -3.183020093355638704e-03 -3.183005029181416000e-03 -3.182988196248530757e-03 -3.182969642281451017e-03 -3.182949478917391009e-03 -3.182927887590422493e-03 -3.182905122633855523e-03 -3.182881510971064757e-03 -3.182857447923935230e-03 -3.182833388889656952e-03 -3.182809836908400206e-03 -3.182787326447181209e-03 -3.182766404034278757e-03 -3.182747606665707781e-03 -3.182731439141849462e-03 -3.182718351652409194e-03 -3.182708718991202751e-03 -3.182702822737150904e-03 -3.182700837582897249e-03 -3.182702822737150904e-03 -3.182708718991202751e-03 -3.182718351652409194e-03 -3.182731439141849462e-03 -3.182747606665707781e-03 -3.182766404034278757e-03 -3.182787326447181209e-03 -3.182809836908400206e-03 -3.182833388889656952e-03 -3.182857447923935230e-03 -3.182881510971064757e-03 -3.182905122633855523e-03 -3.182927887590422493e-03 -3.182949478917391009e-03 -3.182969642281451017e-03 -3.182988196248530757e-03 -3.183005029181416000e-03 -3.183020093355638704e-03 -3.183033397014861567e-03 -3.183044995112622403e-03 -3.183054979454710311e-03 -3.183063468877365618e-03 -3.183070599984885209e-03 -3.183076518840752007e-03 -3.183081373872636340e-03 -3.183085310125103543e-03 -3.183088464883212371e-03 -3.183090964600955065e-03 -3.183092923003149818e-03 -3.183094440187838031e-03 -3.183095602536288593e-03 -3.183096483235848748e-03 -3.183097143232857182e-03 -3.183097632454260154e-03 -3.183097991163386792e-03 -3.183098251344056336e-03 -3.183098438035121287e-03 -3.183098570562796752e-03 -3.183098663639573507e-03 -3.183098728315646598e-03 -3.183098772781656465e-03 -3.183098803030478142e-03 -3.183098823391387715e-03 -3.183098836952834385e-03 -3.183098845890948957e-03 -3.183098851720392655e-03 -3.183098855482742028e-03 -3.183098857885725656e-03 -3.183098859404561061e-03
-3.183098859546268020e-03 -3.183098858078475986e-03 -3.183098855731931586e-03 -3.183098852019410844e-03 -3.183098846206720237e-03 -3.183098837200444911e-03 -3.183098823391387715e-03 -3.183098802439453950e-03 -3.183098770982600769e-03 -3.183098724249288670e-03 -3.183098655550946083e-03 -3.183098555628802173e-03 -3.183098411828620342e-03 -3.183098207078257410e-03 -3.183097918647458634e-03 -3.183097516677935428e-03 -3.183096962485585865e-03 -3.183096206656590554e-03 -3.183095186985593610e-03 -3.183093826337307294e-03 -3.183092030551889790e-03 -3.183089686557592952e-03 -3.183086660898547162e-03 -3.183082798926976931e-03 -3.183077924942238988e-03 -3.183071843577586248e-03 -3.183064342732674912e-03 -3.183055198319009391e-03 -3.183044181021322389e-03 -3.183031065176927885e-03 -3.183015639737234084e-03 -3.182997721104639886e-03 -3.182977167442591505e-03 -3.182953893849903900e-03 -3.182927887590422493e-03 -3.182899222396687322e-03 -3.182868070744070479e-03 -3.182834712941510352e-03 -3.182799541924575572e-03 -3.182763062777803700e-03 -3.182725886258902601e-03 -3.182688715939708483e-03 -3.182652328998701770e-03 -3.182617551167678336e-03 -3.182585226812639778e-03 -3.182556185572592029e-03 -3.182531207345476454e-03 -3.182510987657757168e-03 -3.182496105552033196e-03 -3.182486996057337300e-03 -3.182483929067348935e-03 -3.182486996057337300e-03 -3.182496105552033196e-03 -3.182510987657757168e-03 -3.182531207345476454e-03 -3.182556185572592029e-03 -3.182585226812639778e-03 -3.182617551167678336e-03 -3.182652328998701770e-03 -3.182688715939708483e-03 -3.182725886258902601e-03 -3.182763062777803700e-03 -3.182799541924575572e-03 -3.182834712941510352e-03 -3.182868070744070479e-03 -3.182899222396687322e-03 -3.182927887590422493e-03 -3.182953893849903900e-03 -3.182977167442591505e-03 -3.182997721104639886e-03 -3.183015639737234084e-03 -3.183031065176927885e-03 -3.183044181021322389e-03 -3.183055198319009391e-03 -3.183064342732674912e-03 -3.183071843577586248e-03 -3.183077924942238988e-03 -3.183082798926976931e-03 -3.183086660898547162e-03 -3.183089686557592952e-03 -3.183092030551889790e-03 -3.183093826337307294e-03 -3.183095186985593610e-03 -3.183096206656590554e-03 -3.183096962485585865e-03 -3.183097516677935428e-03 -3.183097918647458634e-03 -3.183098207078257410e-03 -3.183098411828620342e-03 -3.183098555628802173e-03 -3.183098655550946083e-03 -3.183098724249288670e-03 -3.183098770982600769e-03 -3.183098802439453950e-03 -3.183098823391387715e-03 -3.183098837200444911e-03 -3.183098846206720237e-03 -3.183098852019410844e-03 -3.183098855731931586e-03 -3.183098858078475986e-03
-3.183098858332636828e-03 -3.183098856087516072e-03 -3.183098852498264346e-03 -3.183098846819627965e-03 -3.183098837928592054e-03 -3.183098824152679786e-03 -3.183098803030478142e-03 -3.183098770982600769e-03 -3.183098722866499822e-03 -3.183098651383673219e-03 -3.183098546303346835e-03 -3.183098393463393034e-03 -3.183098173508012302e-03 -3.183097860323818445e-03 -3.183097419142832171e-03 -3.183096804294100347e-03 -3.183095956606791545e-03 -3.183094800498001680e-03 -3.183093240819013289e-03 -3.183091159584430178e-03 -3.183088412768259826e-03 -3.183084827417039485e-03 -3.183080199397949998e-03 -3.183074292163235158e-03 -3.183066836962874027e-03 -3.183057534965763515e-03 -3.183046061745247509e-03 -3.183032074537711642e-03 -3.183015222584718428e-03 -3.182995160714787060e-03 -3.182971566110012317e-03 -3.182944157941262550e-03 -3.182912719256704524e-03 -3.182877120192298577e-03 -3.182837341266944384e-03 -3.182793495261229330e-03 -3.182745845991829820e-03 -3.182694822216612738e-03 -3.182641024966059110e-03 -3.182585226812639778e-03 -3.182528361965491874e-03 -3.182471506601357303e-03 -3.182415849484992402e-03 -3.182362653647841794e-03 -3.182313210624053337e-03 -3.182268789421501508e-03 -3.182230582964604843e-03 -3.182199655123980810e-03 -3.182176891597641305e-03 -3.182162957801826664e-03 -3.182158266563323099e-03 -3.182162957801826664e-03 -3.182176891597641305e-03 -3.182199655123980810e-03 -3.182230582964604843e-03 -3.182268789421501508e-03 -3.182313210624053337e-03 -3.182362653647841794e-03 -3.182415849484992402e-03 -3.182471506601357303e-03 -3.182528361965491874e-03 -3.182585226812639778e-03 -3.182641024966059110e-03 -3.182694822216612738e-03 -3.182745845991829820e-03 -3.182793495261229330e-03 -3.182837341266944384e-03 -3.182877120192298577e-03 -3.182912719256704524e-03 -3.182944157941262550e-03 -3.182971566110012317e-03 -3.182995160714787060e-03 -3.183015222584718428e-03 -3.183032074537711642e-03 -3.183046061745247509e-03 -3.183057534965763515e-03 -3.183066836962874027e-03 -3.183074292163235158e-03 -3.183080199397949998e-03 -3.183084827417039485e-03 -3.183088412768259826e-03 -3.183091159584430178e-03 -3.183093240819013289e-03 -3.183094800498001680e-03 -3.183095956606791545e-03 -3.183096804294100347e-03 -3.183097419142832171e-03 -3.183097860323818445e-03 -3.183098173508012302e-03 -3.183098393463393034e-03 -3.183098546303346835e-03 -3.183098651383673219e-03 -3.183098722866499822e-03 -3.183098770982600769e-03 -3.183098803030478142e-03 -3.183098824152679786e-03 -3.183098837928592054e-03 -3.183098846819627965e-03 -3.183098852498264346e-03 -3.183098856087516072e-03
-3.183098856529627263e-03 -3.183098853129682007e-03 -3.183098847694224368e-03 -3.183098839094663200e-03 -3.183098825630338927e-03 -3.183098804768500628e-03 -3.183098772781656465e-03 -3.183098724249288670e-03 -3.183098651383673219e-03 -3.183098543132171707e-03 -3.183098384001600140e-03 -3.183098152545246057e-03 -3.183097819451253131e-03 -3.183097345174273896e-03 -3.183096677062696982e-03 -3.183095745953767441e-03 -3.183094462240910073e-03 -3.183092711463585307e-03 -3.183090349531360417e-03 -3.183087197770603088e-03 -3.183083038072564812e-03 -3.183077608521581517e-03 -3.183070599984885209e-03 -3.183061654241474414e-03 -3.183050364304182075e-03 -3.183036277631927195e-03 -3.183018902922476502e-03 -3.182997721104639886e-03 -3.182972201000103772e-03 -3.182941819891276294e-03 -3.182906088912166795e-03 -3.182864582783356822e-03 -3.182816972959335699e-03 -3.182763062777803700e-03 -3.182702822737150904e-03 -3.182636423628999907e-03 -3.182564264969606291e-03 -3.182486996057337300e-03 -3.182405527075169663e-03 -3.182321027984246539e-03 -3.182234913523551874e-03 -3.182148813423654916e-03 -3.182064527915120979e-03 -3.181983969695813437e-03 -3.181909094627256678e-03 -3.181841824457845667e-03 -3.181783965717416285e-03 -3.181737129500502356e-03 -3.181702657082259057e-03 -3.181681556149569979e-03 -3.181674451875243174e-03 -3.181681556149569979e-03 -3.181702657082259057e-03 -3.181737129500502356e-03 -3.181783965717416285e-03 -3.181841824457845667e-03 -3.181909094627256678e-03 -3.181983969695813437e-03 -3.182064527915120979e-03 -3.182148813423654916e-03 -3.182234913523551874e-03 -3.182321027984246539e-03 -3.182405527075169663e-03 -3.182486996057337300e-03 -3.182564264969606291e-03 -3.182636423628999907e-03 -3.182702822737150904e-03 -3.182763062777803700e-03 -3.182816972959335699e-03 -3.182864582783356822e-03 -3.182906088912166795e-03 -3.182941819891276294e-03 -3.182972201000103772e-03 -3.182997721104639886e-03 -3.183018902922476502e-03 -3.183036277631927195e-03 -3.183050364304182075e-03 -3.183061654241474414e-03 -3.183070599984885209e-03 -3.183077608521581517e-03 -3.183083038072564812e-03 -3.183087197770603088e-03 -3.183090349531360417e-03 -3.183092711463585307e-03 -3.183094462240910073e-03 -3.183095745953767441e-03 -3.183096677062696982e-03 -3.183097345174273896e-03 -3.183097819451253131e-03 -3.183098152545246057e-03 -3.183098384001600140e-03 -3.183098543132171707e-03 -3.183098651383673219e-03 -3.183098724249288670e-03 -3.183098772781656465e-03 -3.183098804768500628e-03 -3.183098825630338927e-03 -3.183098839094663200e-03 -3.183098847694224368e-03 -3.183098853129682007e-03
-3.183098853879188801e-03 -3.183098848781642717e-03 -3.183098840632247063e-03 -3.183098827738903552e-03 -3.183098807551808501e-03 -3.183098776273601913e-03 -3.183098728315646598e-03 -3.183098655550946083e-03 -3.183098546303346835e-03 -3.183098384001600140e-03 -3.183098145416736035e-03 -3.183097798393645650e-03 -3.183097298984989727e-03 -3.183096587900328955e-03 -3.183095586198971243e-03 -3.183094190185025308e-03 -3.183092265511128921e-03 -3.183089640566308821e-03 -3.183086099315419505e-03 -3.183081373872636340e-03 -3.183075137226968124e-03 -3.183066996687604865e-03 -3.183056488771014193e-03 -3.183043076395553495e-03 -3.183026149364345369e-03 -3.183005029181416000e-03 -3.182978979236098828e-03 -3.182947221283660873e-03 -3.182908958927128159e-03 -3.182863408454708609e-03 -3.182809836908400206e-03 -3.182747606665707781e-03 -3.182676225137525978e-03 -3.182595397467576082e-03 -3.182505079424022016e-03 -3.182405527075169663e-03 -3.182297339416739670e-03 -3.182181489943398424e-03 -3.182059343294757307e-03 -3.181932653596483956e-03 -3.181803541970273756e-03 -3.181674451875243174e-03 -3.181548082401579238e-03 -3.181427301261971225e-03 -3.181315040884492504e-03 -3.181214182551315127e-03 -3.181127434797139004e-03 -3.181057213140027051e-03 -3.181005528557171325e-03 -3.180973891876037567e-03 -3.180963240419778029e-03 -3.180973891876037567e-03 -3.181005528557171325e-03 -3.181057213140027051e-03 -3.181127434797139004e-03 -3.181214182551315127e-03 -3.181315040884492504e-03 -3.181427301261971225e-03 -3.181548082401579238e-03 -3.181674451875243174e-03 -3.181803541970273756e-03 -3.181932653596483956e-03 -3.182059343294757307e-03 -3.182181489943398424e-03 -3.182297339416739670e-03 -3.182405527075169663e-03 -3.182505079424022016e-03 -3.182595397467576082e-03 -3.182676225137525978e-03 -3.182747606665707781e-03 -3.182809836908400206e-03 -3.182863408454708609e-03 -3.182908958927128159e-03 -3.182947221283660873e-03 -3.182978979236098828e-03 -3.183005029181416000e-03 -3.183026149364345369e-03 -3.183043076395553495e-03 -3.183056488771014193e-03 -3.183066996687604865e-03 -3.183075137226968124e-03 -3.183081373872636340e-03 -3.183086099315419505e-03 -3.183089640566308821e-03 -3.183092265511128921e-03 -3.183094190185025308e-03 -3.183095586198971243e-03 -3.183096587900328955e-03 -3.183097298984989727e-03 -3.183097798393645650e-03 -3.183098145416736035e-03 -3.183098384001600140e-03 -3.183098546303346835e-03 -3.183098655550946083e-03 -3.183098728315646598e-03 -3.183098776273601913e-03 -3.183098807551808501e-03 -3.183098827738903552e-03 -3.183098840632247063e-03 -3.183098848781642717e-03
-3.183098850024110651e-03 -3.183098842457393433e-03 -3.183098830360559916e-03 -3.183098811221884462e-03 -3.183098781256479305e-03 -3.183098734827604238e-03 -3.183098663639573507e-03 -3.183098555628802173e-03 -3.183098393463393034e-03 -3.183098152545246057e-03 -3.183097798393645650e-03 -3.183097283278056577e-03 -3.183096541963742823e-03 -3.183095486440913960e-03 -3.183093999531254326e-03 -3.183091927310222839e-03 -3.183089070354718202e-03 -3.183085173928125369e-03 -3.183079917351289232e-03 -3.183072902978726845e-03 -3.183063645400492896e-03 -3.183051561712555919e-03 -3.183035963927288974e-03 -3.183016054809192658e-03 -3.182990928591668094e-03 -3.182959578126018808e-03 -3.182920909999015485e-03 -3.182873768996480335e-03 -3.182816972959335699e-03 -3.182749358558187823e-03 -3.182669837801764112e-03 -3.182577464213313858e-03 -3.182471506601357303e-03 -3.182351527285894998e-03 -3.182217460609888110e-03 -3.182069686677082426e-03 -3.181909094627256678e-03 -3.181737129500502356e-03 -3.181555816946285767e-03 -3.181367760761015431e-03 -3.181176109504205152e-03 -3.180984490207937158e-03 -3.180796909359015663e-03 -3.180617623744820283e-03 -3.180450986215223666e-03 -3.180301273699932905e-03 -3.180172506705035776e-03 -3.180068270787358552e-03 -3.179991551009653337e-03 -3.179944590020324785e-03 -3.179928779167043220e-03 -3.179944590020324785e-03 -3.179991551009653337e-03 -3.180068270787358552e-03 -3.180172506705035776e-03 -3.180301273699932905e-03 -3.180450986215223666e-03 -3.180617623744820283e-03 -3.180796909359015663e-03 -3.180984490207937158e-03 -3.181176109504205152e-03 -3.181367760761015431e-03 -3.181555816946285767e-03 -3.181737129500502356e-03 -3.181909094627256678e-03 -3.182069686677082426e-03 -3.182217460609888110e-03 -3.182351527285894998e-03 -3.182471506601357303e-03 -3.182577464213313858e-03 -3.182669837801764112e-03 -3.182749358558187823e-03 -3.182816972959335699e-03 -3.182873768996480335e-03 -3.182920909999015485e-03 -3.182959578126018808e-03 -3.182990928591668094e-03 -3.183016054809192658e-03 -3.183035963927288974e-03 -3.183051561712555919e-03 -3.183063645400492896e-03 -3.183072902978726845e-03 -3.183079917351289232e-03 -3.183085173928125369e-03 -3.183089070354718202e-03 -3.183091927310222839e-03 -3.183093999531254326e-03 -3.183095486440913960e-03 -3.183096541963742823e-03 -3.183097283278056577e-03 -3.183097798393645650e-03 -3.183098152545246057e-03 -3.183098393463393034e-03 -3.183098555628802173e-03 -3.183098663639573507e-03 -3.183098734827604238e-03 -3.183098781256479305e-03 -3.183098811221884462e-03 -3.183098830360559916e-03 -3.183098842457393433e-03
-3.183098844476181782e-03 -3.183098833356025770e-03 -3.183098815578345835e-03 -3.183098787451874197e-03 -3.183098743414285951e-03 -3.183098675181746107e-03 -3.183098570562796752e-03 -3.183098411828620342e-03 -3.183098173508012302e-03 -3.183097819451253131e-03 -3.183097298984989727e-03 -3.183096541963742823e-03 -3.183095452517610124e-03 -3.183093901306144422e-03 -3.183091716122413845e-03 -3.183088670756709006e-03 -3.183084472133983905e-03 -3.183078745889660575e-03 -3.183071020749060013e-03 -3.183060712326686494e-03 -3.183047107257131608e-03 -3.183029348896284239e-03 -3.183006426167673143e-03 -3.182977167442591505e-03 -3.182940241593473513e-03 -3.182894168500171629e-03 -3.182837341266944384e-03 -3.182768062174491566e-03 -3.182684593904902982e-03 -3.182585226812639778e-03 -3.182468361970147794e-03 -3.182332608421638547e-03 -3.182176891597641305e-03 -3.182000568277360865e-03 -3.181803541970273756e-03 -3.181586371282286736e-03 -3.181350362905953008e-03 -3.181097640492886510e-03 -3.180831180966552357e-03 -3.180554810903444152e-03 -3.180273157471713574e-03 -3.179991551009653337e-03 -3.179715879507650361e-03 -3.179452398801400469e-03 -3.179207505901415678e-03 -3.178987486244845041e-03 -3.178798248425015408e-03 -3.178645061827588530e-03 -3.178532313343535552e-03 -3.178463298801069252e-03 -3.178440062944651919e-03 -3.178463298801069252e-03 -3.178532313343535552e-03 -3.178645061827588530e-03 -3.178798248425015408e-03 -3.178987486244845041e-03 -3.179207505901415678e-03 -3.179452398801400469e-03 -3.179715879507650361e-03 -3.179991551009653337e-03 -3.180273157471713574e-03 -3.180554810903444152e-03 -3.180831180966552357e-03 -3.181097640492886510e-03 -3.181350362905953008e-03 -3.181586371282286736e-03 -3.181803541970273756e-03 -3.182000568277360865e-03 -3.182176891597641305e-03 -3.182332608421638547e-03 -3.182468361970147794e-03 -3.182585226812639778e-03 -3.182684593904902982e-03 -3.182768062174491566e-03 -3.182837341266944384e-03 -3.182894168500171629e-03 -3.182940241593473513e-03 -3.182977167442591505e-03 -3.183006426167673143e-03 -3.183029348896284239e-03 -3.183047107257131608e-03 -3.183060712326686494e-03 -3.183071020749060013e-03 -3.183078745889660575e-03 -3.183084472133983905e-03 -3.183088670756709006e-03 -3.183091716122413845e-03 -3.183093901306144422e-03 -3.183095452517610124e-03 -3.183096541963742823e-03 -3.183097298984989727e-03 -3.183097819451253131e-03 -3.183098173508012302e-03 -3.183098411828620342e-03 -3.183098570562796752e-03 -3.183098675181746107e-03 -3.183098743414285951e-03 -3.183098787451874197e-03 -3.183098815578345835e-03 -3.183098833356025770e-03
-3.183098836576744601e-03 -3.183098820397013001e-03 -3.183098794530641457e-03 -3.183098753606866671e-03 -3.183098689532553975e-03 -3.183098590254794351e-03 -3.183098438035121287e-03 -3.183098207078257410e-03 -3.183097860323818445e-03 -3.183097345174273896e-03 -3.183096587900328955e-03 -3.183095486440913960e-03 -3.183093901306144422e-03 -3.183091644306779242e-03 -3.183088464883212371e-03 -3.183084033902256957e-03 -3.183077924942238988e-03 -3.183069593305910220e-03 -3.183058353292659778e-03 -3.183043354626608010e-03 -3.183023559367210639e-03 -3.182997721104639886e-03 -3.182964368731311475e-03 -3.182921797537514776e-03 -3.182868070744070479e-03 -3.182801034788871296e-03 -3.182718351652409194e-03 -3.182617551167678336e-03 -3.182496105552033196e-03 -3.182351527285894998e-03 -3.182181489943398424e-03 -3.181983969695813437e-03 -3.181757403053785994e-03 -3.181500854136581208e-03 -3.181214182551315127e-03 -3.180898201064787795e-03 -3.180554810903444152e-03 -3.180187101962150646e-03 -3.179799405638991227e-03 -3.179397289569911057e-03 -3.178987486244845041e-03 -3.178577751260246859e-03 -3.178176651591577574e-03 -3.177793289426066384e-03 -3.177436972359087407e-03 -3.177116845647730021e-03 -3.176841506244556818e-03 -3.176618621060466052e-03 -3.176454572984157513e-03 -3.176354157417385273e-03 -3.176320349445787249e-03 -3.176354157417385273e-03 -3.176454572984157513e-03 -3.176618621060466052e-03 -3.176841506244556818e-03 -3.177116845647730021e-03 -3.177436972359087407e-03 -3.177793289426066384e-03 -3.178176651591577574e-03 -3.178577751260246859e-03 -3.178987486244845041e-03 -3.179397289569911057e-03 -3.179799405638991227e-03 -3.180187101962150646e-03 -3.180554810903444152e-03 -3.180898201064787795e-03 -3.181214182551315127e-03 -3.181500854136581208e-03 -3.181757403053785994e-03 -3.181983969695813437e-03 -3.182181489943398424e-03 -3.182351527285894998e-03 -3.182496105552033196e-03 -3.182617551167678336e-03 -3.182718351652409194e-03 -3.182801034788871296e-03 -3.182868070744070479e-03 -3.182921797537514776e-03 -3.182964368731311475e-03 -3.182997721104639886e-03 -3.183023559367210639e-03 -3.183043354626608010e-03 -3.183058353292659778e-03 -3.183069593305910220e-03 -3.183077924942238988e-03 -3.183084033902256957e-03 -3.183088464883212371e-03 -3.183091644306779242e-03 -3.183093901306144422e-03 -3.183095486440913960e-03 -3.183096587900328955e-03 -3.183097345174273896e-03 -3.183097860323818445e-03 -3.183098207078257410e-03 -3.183098438035121287e-03 -3.183098590254794351e-03 -3.183098689532553975e-03 -3.183098753606866671e-03 -3.183098794530641457e-03 -3.183098820397013001e-03
-3.183098825448847820e-03 -3.183098802141717722e-03 -3.183098764880847118e-03 -3.183098705929576604e-03 -3.183098613629631139e-03 -3.183098470618627926e-03 -3.183098251344056336e-03 -3.183097918647458634e-03 -3.183097419142832171e-03 -3.183096677062696982e-03 -3.183095586198971243e-03 -3.183093999531254326e-03 -3.183091716122413845e-03 -3.183088464883212371e-03 -3.183083884879026135e-03 -3.183077501988890428e-03 -3.183068701946408820e-03 -3.183056700107567052e-03 -3.183040508711027991e-03 -3.183018902922476502e-03 -3.182990387574019878e-03 -3.182953167194840088e-03 -3.182905122633855523e-03 -3.182843798232847746e-03 -3.182766404034278757e-03 -3.182669837801764112e-03 -3.182550731585452944e-03 -3.182405527075169663e-03 -3.182230582964604843e-03 -3.182022315946958762e-03 -3.181777374773184057e-03 -3.181492844089644709e-03 -3.181166471668024978e-03 -3.180796909359015663e-03 -3.180383954924701547e-03 -3.179928779167043220e-03 -3.179434120829366991e-03 -3.178904430948511876e-03 -3.178345948964093025e-03 -3.177766695133680923e-03 -3.177176367703337702e-03 -3.176586138718395184e-03 -3.176008349027013150e-03 -3.175456110457399849e-03 -3.174942830731073817e-03 -3.174481683718981002e-03 -3.174085053451714510e-03 -3.173763984221822550e-03 -3.173527670669890489e-03 -3.173383020639318920e-03 -3.173334319782644252e-03 -3.173383020639318920e-03 -3.173527670669890489e-03 -3.173763984221822550e-03 -3.174085053451714510e-03 -3.174481683718981002e-03 -3.174942830731073817e-03 -3.175456110457399849e-03 -3.176008349027013150e-03 -3.176586138718395184e-03 -3.177176367703337702e-03 -3.177766695133680923e-03 -3.178345948964093025e-03 -3.178904430948511876e-03 -3.179434120829366991e-03 -3.179928779167043220e-03 -3.180383954924701547e-03 -3.180796909359015663e-03 -3.181166471668024978e-03 -3.181492844089644709e-03 -3.181777374773184057e-03 -3.182022315946958762e-03 -3.182230582964604843e-03 -3.182405527075169663e-03 -3.182550731585452944e-03 -3.182669837801764112e-03 -3.182766404034278757e-03 -3.182843798232847746e-03 -3.182905122633855523e-03 -3.182953167194840088e-03 -3.182990387574019878e-03 -3.183018902922476502e-03 -3.183040508711027991e-03 -3.183056700107567052e-03 -3.183068701946408820e-03 -3.183077501988890428e-03 -3.183083884879026135e-03 -3.183088464883212371e-03 -3.183091716122413845e-03 -3.183093999531254326e-03 -3.183095586198971243e-03 -3.183096677062696982e-03 -3.183097419142832171e-03 -3.183097918647458634e-03 -3.183098251344056336e-03 -3.183098470618627926e-03 -3.183098613629631139e-03 -3.183098705929576604e-03 -3.183098764880847118e-03 -3.183098802141717722e-03
