-3.183098861749496071e-03 -3.183098861689876661e-03 -3.183098861592730412e-03 -3.183098861436213251e-03 -3.183098861186882313e-03 -3.183098860794179082e-03 -3.183098860182653062e-03 -3.183098859241162253e-03 -3.183098857808125837e-03 -3.183098855651745728e-03 -3.183098852443950154e-03 -3.183098847726722243e-03 -3.183098840869473967e-03 -3.183098831016243323e-03 -3.183098817021836995e-03 -3.183098797376605806e-03 -3.183098770120457947e-03 -3.183098732747947045e-03 -3.183098682107909309e-03 -3.183098614303101100e-03 -3.183098524597518294e-03 -3.183098407341460566e-03 -3.183098255926671873e-03 -3.183098062785761056e-03 -3.183097819451253131e-03 -3.183097516689612286e-03 -3.183097144724054538e-03 -3.183096693556620831e-03 -3.183096153394568591e-03 -3.183095515178696079e-03 -3.183094771201964730e-03 -3.183093915796217626e-03 -3.183092946053768958e-03 -3.183091862540172838e-03 -3.183090669945864374e-03 -3.183089377618855513e-03 -3.183087999919525461e-03 -3.183086556342648501e-03 -3.183085071361709938e-03 -3.183083573966117869e-03 -3.183082096882445047e-03 -3.183080675494836739e-03 -3.183079346505272508e-03 -3.183078146398962607e-03 -3.183077109801305503e-03 -3.183076267828050063e-03 -3.183075646537614298e-03 -3.183075265592691123e-03 -3.183075137226968124e-03 -3.183075265592691123e-03 -3.183075646537614298e-03 -3.183076267828050063e-03 -3.183077109801305503e-03 -3.183078146398962607e-03 -3.183079346505272508e-03 -3.183080675494836739e-03 -3.183082096882445047e-03 -3.183083573966117869e-03 -3.183085071361709938e-03 -3.183086556342648501e-03 -3.183087999919525461e-03 -3.183089377618855513e-03 -3.183090669945864374e-03 -3.183091862540172838e-03 -3.183092946053768958e-03 -3.183093915796217626e-03 -3.183094771201964730e-03 -3.183095515178696079e-03 -3.183096153394568591e-03 -3.183096693556620831e-03 -3.183097144724054538e-03 -3.183097516689612286e-03 -3.183097819451253131e-03 -3.183098062785761056e-03 -3.183098255926671873e-03 -3.183098407341460566e-03 -3.183098524597518294e-03 -3.183098614303101100e-03 -3.183098682107909309e-03 -3.183098732747947045e-03 -3.183098770120457947e-03 -3.183098797376605806e-03 -3.183098817021836995e-03 -3.183098831016243323e-03 -3.183098840869473967e-03 -3.183098847726722243e-03 -3.183098852443950154e-03 -3.183098855651745728e-03 -3.183098857808125837e-03 -3.183098859241162253e-03 -3.183098860182653062e-03 -3.183098860794179082e-03 -3.183098861186882313e-03 -3.183098861436213251e-03 -3.183098861592730412e-03 -3.183098861689876661e-03 -3.183098861749496071e-03
-3.183098861689876661e-03 -3.183098861590055468e-03 -3.183098861427400856e-03 -3.183098861165341385e-03 -3.183098860747880614e-03 -3.183098860090369242e-03 -3.183098859066478634e-03 -3.183098857490119799e-03 -3.183098855090756105e-03 -3.183098851480283074e-03 -3.183098846109401817e-03 -3.183098838211246163e-03 -3.183098826730007894e-03 -3.183098810232532633e-03 -3.183098786801397129e-03 -3.183098753908965295e-03 -3.183098708273412233e-03 -3.183098645699814887e-03 -3.183098560912112854e-03 -3.183098447385067451e-03 -3.183098297189084630e-03 -3.183098100864750670e-03 -3.183097847347720385e-03 -3.183097523967747412e-03 -3.183097116547558680e-03 -3.183096609627245228e-03 -3.183095986837328802e-03 -3.183095231438011919e-03 -3.183094327033094643e-03 -3.183093258454561258e-03 -3.183092012798352435e-03 -3.183090580574151219e-03 -3.183088956913555923e-03 -3.183087142763487472e-03 -3.183085145977240706e-03 -3.183082982206394181e-03 -3.183080675494836739e-03 -3.183078258483088875e-03 -3.183075772147631911e-03 -3.183073265026055160e-03 -3.183070791913159697e-03 -3.183068412053380834e-03 -3.183066186897630205e-03 -3.183064177533877995e-03 -3.183062441936172944e-03 -3.183061032202280823e-03 -3.183059991962369686e-03 -3.183059354138109264e-03 -3.183059139212624303e-03 -3.183059354138109264e-03 -3.183059991962369686e-03 -3.183061032202280823e-03 -3.183062441936172944e-03 -3.183064177533877995e-03 -3.183066186897630205e-03 -3.183068412053380834e-03 -3.183070791913159697e-03 -3.183073265026055160e-03 -3.183075772147631911e-03 -3.183078258483088875e-03 -3.183080675494836739e-03 -3.183082982206394181e-03 -3.183085145977240706e-03 -3.183087142763487472e-03 -3.183088956913555923e-03 -3.183090580574151219e-03 -3.183092012798352435e-03 -3.183093258454561258e-03 -3.183094327033094643e-03 -3.183095231438011919e-03 -3.183095986837328802e-03 -3.183096609627245228e-03 -3.183097116547558680e-03 -3.183097523967747412e-03 -3.183097847347720385e-03 -3.183098100864750670e-03 -3.183098297189084630e-03 -3.183098447385067451e-03 -3.183098560912112854e-03 -3.183098645699814887e-03 -3.183098708273412233e-03 -3.183098753908965295e-03 -3.183098786801397129e-03 -3.183098810232532633e-03 -3.183098826730007894e-03 -3.183098838211246163e-03 -3.183098846109401817e-03 -3.183098851480283074e-03 -3.183098855090756105e-03 -3.183098857490119799e-03 -3.183098859066478634e-03 -3.183098860090369242e-03 -3.183098860747880614e-03 -3.183098861165341385e-03 -3.183098861427400856e-03 -3.183098861590055468e-03 -3.183098861689876661e-03
-3.183098861592730412e-03 -3.183098861427400856e-03 -3.183098861158003504e-03 -3.183098860723967017e-03 -3.183098860032547005e-03 -3.183098858943542251e-03 -3.183098857247721250e-03 -3.183098854636873948e-03 -3.183098850662922571e-03 -3.183098844683068807e-03 -3.183098835787535625e-03 -3.183098822706198396e-03 -3.183098803690373457e-03 -3.183098776366394874e-03 -3.183098737558526931e-03 -3.183098683080366666e-03 -3.183098607496385318e-03 -3.183098503858731738e-03 -3.183098363428920729e-03 -3.183098175399510545e-03 -3.183097926637095797e-03 -3.183097601474501465e-03 -3.183097181586381531e-03 -3.183096645987615672e-03 -3.183095971197063678e-03 -3.183095131609218684e-03 -3.183094100112098326e-03 -3.183092848980377098e-03 -3.183091351057814201e-03 -3.183089581222351989e-03 -3.183087518101612636e-03 -3.183085145977240706e-03 -3.183082456785935738e-03 -3.183079452096036072e-03 -3.183076144914578996e-03 -3.183072561164523168e-03 -3.183068740668612649e-03 -3.183064737487777650e-03 -3.183060619489402627e-03 -3.183056467063971780e-03 -3.183052370965491849e-03 -3.183048429317684221e-03 -3.183044743898751951e-03 -3.183041415885774338e-03 -3.183038541298393274e-03 -3.183036206423643568e-03 -3.183034483524084003e-03 -3.183033427126299216e-03 -3.183033071155509045e-03 -3.183033427126299216e-03 -3.183034483524084003e-03 -3.183036206423643568e-03 -3.183038541298393274e-03 -3.183041415885774338e-03 -3.183044743898751951e-03 -3.183048429317684221e-03 -3.183052370965491849e-03 -3.183056467063971780e-03 -3.183060619489402627e-03 -3.183064737487777650e-03 -3.183068740668612649e-03 -3.183072561164523168e-03 -3.183076144914578996e-03 -3.183079452096036072e-03 -3.183082456785935738e-03 -3.183085145977240706e-03 -3.183087518101612636e-03 -3.183089581222351989e-03 -3.183091351057814201e-03 -3.183092848980377098e-03 -3.183094100112098326e-03 -3.183095131609218684e-03 -3.183095971197063678e-03 -3.183096645987615672e-03 -3.183097181586381531e-03 -3.183097601474501465e-03 -3.183097926637095797e-03 -3.183098175399510545e-03 -3.183098363428920729e-03 -3.183098503858731738e-03 -3.183098607496385318e-03 -3.183098683080366666e-03 -3.183098737558526931e-03 -3.183098776366394874e-03 -3.183098803690373457e-03 -3.183098822706198396e-03 -3.183098835787535625e-03 -3.183098844683068807e-03 -3.183098850662922571e-03 -3.183098854636873948e-03 -3.183098857247721250e-03 -3.183098858943542251e-03 -3.183098860032547005e-03 -3.183098860723967017e-03 -3.183098861158003504e-03 -3.183098861427400856e-03 -3.183098861592730412e-03
-3.183098861436213251e-03 -3.183098861165341385e-03 -3.183098860723967017e-03 -3.183098860012850955e-03 -3.183098858880043999e-03 -3.183098857095842307e-03 -3.183098854317447171e-03 -3.183098850039892732e-03 -3.183098843529059193e-03 -3.183098833731799835e-03 -3.183098819157555680e-03 -3.183098797725383670e-03 -3.183098766570278265e-03 -3.183098721803278696e-03 -3.183098658221330396e-03 -3.183098568965522356e-03 -3.183098445130406150e-03 -3.183098275332776634e-03 -3.183098045255693814e-03 -3.183097737192486058e-03 -3.183097329625671126e-03 -3.183096796886499772e-03 -3.183096108951131379e-03 -3.183095231438011919e-03 -3.183094125876161518e-03 -3.183092750314087550e-03 -3.183091060332118947e-03 -3.183089010505700533e-03 -3.183086556342648501e-03 -3.183083656683542359e-03 -3.183080276512354270e-03 -3.183076390076478891e-03 -3.183071984165182933e-03 -3.183067061347998657e-03 -3.183061642935365587e-03 -3.183055771398885046e-03 -3.183049511983255132e-03 -3.183042953260703523e-03 -3.183036206423643568e-03 -3.183029403182061502e-03 -3.183022692225304182e-03 -3.183016234317097293e-03 -3.183010196208587144e-03 -3.183004743666054646e-03 -3.183000034005946562e-03 -3.182996208599024341e-03 -3.182993385838658613e-03 -3.182991655059995428e-03 -3.182991071845360422e-03 -3.182991655059995428e-03 -3.182993385838658613e-03 -3.182996208599024341e-03 -3.183000034005946562e-03 -3.183004743666054646e-03 -3.183010196208587144e-03 -3.183016234317097293e-03 -3.183022692225304182e-03 -3.183029403182061502e-03 -3.183036206423643568e-03 -3.183042953260703523e-03 -3.183049511983255132e-03 -3.183055771398885046e-03 -3.183061642935365587e-03 -3.183067061347998657e-03 -3.183071984165182933e-03 -3.183076390076478891e-03 -3.183080276512354270e-03 -3.183083656683542359e-03 -3.183086556342648501e-03 -3.183089010505700533e-03 -3.183091060332118947e-03 -3.183092750314087550e-03 -3.183094125876161518e-03 -3.183095231438011919e-03 -3.183096108951131379e-03 -3.183096796886499772e-03 -3.183097329625671126e-03 -3.183097737192486058e-03 -3.183098045255693814e-03 -3.183098275332776634e-03 -3.183098445130406150e-03 -3.183098568965522356e-03 -3.183098658221330396e-03 -3.183098721803278696e-03 -3.183098766570278265e-03 -3.183098797725383670e-03 -3.183098819157555680e-03 -3.183098833731799835e-03 -3.183098843529059193e-03 -3.183098850039892732e-03 -3.183098854317447171e-03 -3.183098857095842307e-03 -3.183098858880043999e-03 -3.183098860012850955e-03 -3.183098860723967017e-03 -3.183098861165341385e-03 -3.183098861436213251e-03
-3.183098861186882313e-03 -3.183098860747880614e-03 -3.183098860032547005e-03 -3.183098858880043999e-03 -3.183098857044107648e-03 -3.183098854152458922e-03 -3.183098849649523571e-03 -3.183098842716907198e-03 -3.183098832164823252e-03 -3.183098816286440008e-03 -3.183098792666015815e-03 -3.183098757930972848e-03 -3.183098707438007571e-03 -3.183098634884294967e-03 -3.183098531837262688e-03 -3.183098387180700786e-03 -3.183098186481579835e-03 -3.183097911291181588e-03 -3.183097538406093330e-03 -3.183097039129176211e-03 -3.183096378587126768e-03 -3.183095515178696079e-03 -3.183094400244355915e-03 -3.183092978062045195e-03 -3.183091186281989272e-03 -3.183088956913555923e-03 -3.183086217965947710e-03 -3.183082895819752418e-03 -3.183078918366650731e-03 -3.183074218899720545e-03 -3.183068740668612649e-03 -3.183062441936172944e-03 -3.183055301291816321e-03 -3.183047322899971564e-03 -3.183038541298393274e-03 -3.183029025320648336e-03 -3.183018880708581282e-03 -3.183008251010878507e-03 -3.182997316436679720e-03 -3.182986290447877183e-03 -3.182975414024753064e-03 -3.182964947716491154e-03 -3.182955161776066400e-03 -3.182946324860283071e-03 -3.182938691931334885e-03 -3.182932492108297550e-03 -3.182927917270875033e-03 -3.182925112204212145e-03 -3.182924166990381328e-03 -3.182925112204212145e-03 -3.182927917270875033e-03 -3.182932492108297550e-03 -3.182938691931334885e-03 -3.182946324860283071e-03 -3.182955161776066400e-03 -3.182964947716491154e-03 -3.182975414024753064e-03 -3.182986290447877183e-03 -3.182997316436679720e-03 -3.183008251010878507e-03 -3.183018880708581282e-03 -3.183029025320648336e-03 -3.183038541298393274e-03 -3.183047322899971564e-03 -3.183055301291816321e-03 -3.183062441936172944e-03 -3.183068740668612649e-03 -3.183074218899720545e-03 -3.183078918366650731e-03 -3.183082895819752418e-03 -3.183086217965947710e-03 -3.183088956913555923e-03 -3.183091186281989272e-03 -3.183092978062045195e-03 -3.183094400244355915e-03 -3.183095515178696079e-03 -3.183096378587126768e-03 -3.183097039129176211e-03 -3.183097538406093330e-03 -3.183097911291181588e-03 -3.183098186481579835e-03 -3.183098387180700786e-03 -3.183098531837262688e-03 -3.183098634884294967e-03 -3.183098707438007571e-03 -3.183098757930972848e-03 -3.183098792666015815e-03 -3.183098816286440008e-03 -3.183098832164823252e-03 -3.183098842716907198e-03 -3.183098849649523571e-03 -3.183098854152458922e-03 -3.183098857044107648e-03 -3.183098858880043999e-03 -3.183098860032547005e-03 -3.183098860747880614e-03 -3.183098861186882313e-03
-3.183098860794179082e-03 -3.183098860090369242e-03 -3.183098858943542251e-03 -3.183098857095842307e-03 -3.183098854152458922e-03 -3.183098849516550945e-03 -3.183098842297419403e-03 -3.183098831183008796e-03 -3.183098814265847547e-03 -3.183098788809532540e-03 -3.183098750941133585e-03 -3.183098695253713199e-03 -3.183098614303101100e-03 -3.183098497984573373e-03 -3.183098332778980678e-03 -3.183098100864750670e-03 -3.183097779102769895e-03 -3.183097337915945409e-03 -3.183096740104433744e-03 -3.183095939660817407e-03 -3.183094880676016515e-03 -3.183093496454670029e-03 -3.183091708985542456e-03 -3.183089428934708122e-03 -3.183086556342648501e-03 -3.183082982206394181e-03 -3.183078591109883906e-03 -3.183073265026055160e-03 -3.183066888350437069e-03 -3.183059354138109264e-03 -3.183050571406586312e-03 -3.183040473242623736e-03 -3.183029025320648336e-03 -3.183016234317097293e-03 -3.183002155603095393e-03 -3.182986899533012375e-03 -3.182970635632780161e-03 -3.182953594040475315e-03 -3.182936063668423757e-03 -3.182918386739955457e-03 -3.182900949596040481e-03 -3.182884169950623426e-03 -3.182868481074824663e-03 -3.182854313680772481e-03 -3.182842076525317296e-03 -3.182832136933476299e-03 -3.182824802527889092e-03 -3.182820305428931979e-03 -3.182818790056698901e-03 -3.182820305428931979e-03 -3.182824802527889092e-03 -3.182832136933476299e-03 -3.182842076525317296e-03 -3.182854313680772481e-03 -3.182868481074824663e-03 -3.182884169950623426e-03 -3.182900949596040481e-03 -3.182918386739955457e-03 -3.182936063668423757e-03 -3.182953594040475315e-03 -3.182970635632780161e-03 -3.182986899533012375e-03 -3.183002155603095393e-03 -3.183016234317097293e-03 -3.183029025320648336e-03 -3.183040473242623736e-03 -3.183050571406586312e-03 -3.183059354138109264e-03 -3.183066888350437069e-03 -3.183073265026055160e-03 -3.183078591109883906e-03 -3.183082982206394181e-03 -3.183086556342648501e-03 -3.183089428934708122e-03 -3.183091708985542456e-03 -3.183093496454670029e-03 -3.183094880676016515e-03 -3.183095939660817407e-03 -3.183096740104433744e-03 -3.183097337915945409e-03 -3.183097779102769895e-03 -3.183098100864750670e-03 -3.183098332778980678e-03 -3.183098497984573373e-03 -3.183098614303101100e-03 -3.183098695253713199e-03 -3.183098750941133585e-03 -3.183098788809532540e-03 -3.183098814265847547e-03 -3.183098831183008796e-03 -3.183098842297419403e-03 -3.183098849516550945e-03 -3.183098854152458922e-03 -3.183098857095842307e-03 -3.183098858943542251e-03 -3.183098860090369242e-03 -3.183098860794179082e-03
-3.183098860182653062e-03 -3.183098859066478634e-03 -3.183098857247721250e-03 -3.183098854317447171e-03 -3.183098849649523571e-03 -3.183098842297419403e-03 -3.183098830848571023e-03 -3.183098813222184128e-03 -3.183098786393191975e-03 -3.183098746021923581e-03 -3.183098685966282565e-03 -3.183098597651386804e-03 -3.183098469271497619e-03 -3.183098284801493243e-03 -3.183098022801303471e-03 -3.183097655007627313e-03 -3.183097144724054538e-03 -3.183096445044158920e-03 -3.183095496972565032e-03 -3.183094227545931344e-03 -3.183092548097830356e-03 -3.183090352855830890e-03 -3.183087518101612636e-03 -3.183083902160155788e-03 -3.183079346505272508e-03 -3.183073678268731350e-03 -3.183066714411753734e-03 -3.183058267754763134e-03 -3.183048154960181359e-03 -3.183036206423643568e-03 -3.183022277855674861e-03 -3.183006263138301022e-03 -3.182988107834462156e-03 -3.182967822532345708e-03 -3.182945495045233497e-03 -3.182921300384548412e-03 -3.182895507402123177e-03 -3.182868481074824663e-03 -3.182840679589831172e-03 -3.182812645680448051e-03 -3.182784992046317624e-03 -3.182758381141604330e-03 -3.182733500092656178e-03 -3.182711031967509329e-03 -3.182691625015234525e-03 -3.182675861778002952e-03 -3.182664230115750652e-03 -3.182657098149081071e-03 -3.182654694914382153e-03 -3.182657098149081071e-03 -3.182664230115750652e-03 -3.182675861778002952e-03 -3.182691625015234525e-03 -3.182711031967509329e-03 -3.182733500092656178e-03 -3.182758381141604330e-03 -3.182784992046317624e-03 -3.182812645680448051e-03 -3.182840679589831172e-03 -3.182868481074824663e-03 -3.182895507402123177e-03 -3.182921300384548412e-03 -3.182945495045233497e-03 -3.182967822532345708e-03 -3.182988107834462156e-03 -3.183006263138301022e-03 -3.183022277855674861e-03 -3.183036206423643568e-03 -3.183048154960181359e-03 -3.183058267754763134e-03 -3.183066714411753734e-03 -3.183073678268731350e-03 -3.183079346505272508e-03 -3.183083902160155788e-03 -3.183087518101612636e-03 -3.183090352855830890e-03 -3.183092548097830356e-03 -3.183094227545931344e-03 -3.183095496972565032e-03 -3.183096445044158920e-03 -3.183097144724054538e-03 -3.183097655007627313e-03 -3.183098022801303471e-03 -3.183098284801493243e-03 -3.183098469271497619e-03 -3.183098597651386804e-03 -3.183098685966282565e-03 -3.183098746021923581e-03 -3.183098786393191975e-03 -3.183098813222184128e-03 -3.183098830848571023e-03 -3.183098842297419403e-03 -3.183098849649523571e-03 -3.183098854317447171e-03 -3.183098857247721250e-03 -3.183098859066478634e-03 -3.183098860182653062e-03
-3.183098859241162253e-03 -3.183098857490119799e-03 -3.183098854636873948e-03 -3.183098850039892732e-03 -3.183098842716907198e-03 -3.183098831183008796e-03 -3.183098813222184128e-03 -3.183098785570106885e-03 -3.183098743481085815e-03 -3.183098680147094985e-03 -3.183098585932481010e-03 -3.183098447385067451e-03 -3.183098245984142434e-03 -3.183097956589676144e-03 -3.183097545566728262e-03 -3.183096968576150116e-03 -3.183096168049025492e-03 -3.183095070399083199e-03 -3.183093583075040627e-03 -3.183091591612828911e-03 -3.183088956913555923e-03 -3.183085513042622269e-03 -3.183081065912119444e-03 -3.183075393263871174e-03 -3.183068246403780027e-03 -3.183059354138109264e-03 -3.183048429317684221e-03 -3.183035178297293454e-03 -3.183019313459007054e-03 -3.183000568729408251e-03 -3.182978717748791760e-03 -3.182953594040475315e-03 -3.182925112204212145e-03 -3.182893288850631355e-03 -3.182858261740221725e-03 -3.182820305428931979e-03 -3.182779841688490336e-03 -3.182737443090496738e-03 -3.182693828433839217e-03 -3.182649849152415552e-03 -3.182606466442526680e-03 -3.182564719554808238e-03 -3.182525686445338790e-03 -3.182490438703562685e-03 -3.182459993295325227e-03 -3.182435264106225122e-03 -3.182417016485437032e-03 -3.182405827936420073e-03 -3.182402057768881666e-03 -3.182405827936420073e-03 -3.182417016485437032e-03 -3.182435264106225122e-03 -3.182459993295325227e-03 -3.182490438703562685e-03 -3.182525686445338790e-03 -3.182564719554808238e-03 -3.182606466442526680e-03 -3.182649849152415552e-03 -3.182693828433839217e-03 -3.182737443090496738e-03 -3.182779841688490336e-03 -3.182820305428931979e-03 -3.182858261740221725e-03 -3.182893288850631355e-03 -3.182925112204212145e-03 -3.182953594040475315e-03 -3.182978717748791760e-03 -3.183000568729408251e-03 -3.183019313459007054e-03 -3.183035178297293454e-03 -3.183048429317684221e-03 -3.183059354138109264e-03 -3.183068246403780027e-03 -3.183075393263871174e-03 -3.183081065912119444e-03 -3.183085513042622269e-03 -3.183088956913555923e-03 -3.183091591612828911e-03 -3.183093583075040627e-03 -3.183095070399083199e-03 -3.183096168049025492e-03 -3.183096968576150116e-03 -3.183097545566728262e-03 -3.183097956589676144e-03 -3.183098245984142434e-03 -3.183098447385067451e-03 -3.183098585932481010e-03 -3.183098680147094985e-03 -3.183098743481085815e-03 -3.183098785570106885e-03 -3.183098813222184128e-03 -3.183098831183008796e-03 -3.183098842716907198e-03 -3.183098850039892732e-03 -3.183098854636873948e-03 -3.183098857490119799e-03 -3.183098859241162253e-03
-3.183098857808125837e-03 -3.183098855090756105e-03 -3.183098850662922571e-03 -3.183098843529059193e-03 -3.183098832164823252e-03 -3.183098814265847547e-03 -3.183098786393191975e-03 -3.183098743481085815e-03 -3.183098678164888919e-03 -3.183098579879508651e-03 -3.183098433671776965e-03 -3.183098218665820784e-03 -3.183097906120120960e-03 -3.183097457020912617e-03 -3.183096819171533833e-03 -3.183095923763907750e-03 -3.183094681459234122e-03 -3.183092978062045195e-03 -3.183090669945864374e-03 -3.183087579478674489e-03 -3.183083490798703074e-03 -3.183078146398962607e-03 -3.183071245082518940e-03 -3.183062441936172944e-03 -3.183051351021922142e-03 -3.183037551485511877e-03 -3.183020597712107620e-03 -3.183000034005946562e-03 -3.182975414024753064e-03 -3.182946324860283071e-03 -3.182912415234346887e-03 -3.182873426798720189e-03 -3.182829227024320216e-03 -3.182779841688490336e-03 -3.182725484575988674e-03 -3.182666581758749041e-03 -3.182603787766733350e-03 -3.182537991149939939e-03 -3.182470307382397924e-03 -3.182402057768881666e-03 -3.182334733949861161e-03 -3.182269948695075779e-03 -3.182209374839629033e-03 -3.182154675338507745e-03 -3.182107428378614690e-03 -3.182069052180913279e-03 -3.182040734458884898e-03 -3.182023371416072346e-03 -3.182017520650233088e-03 -3.182023371416072346e-03 -3.182040734458884898e-03 -3.182069052180913279e-03 -3.182107428378614690e-03 -3.182154675338507745e-03 -3.182209374839629033e-03 -3.182269948695075779e-03 -3.182334733949861161e-03 -3.182402057768881666e-03 -3.182470307382397924e-03 -3.182537991149939939e-03 -3.182603787766733350e-03 -3.182666581758749041e-03 -3.182725484575988674e-03 -3.182779841688490336e-03 -3.182829227024320216e-03 -3.182873426798720189e-03 -3.182912415234346887e-03 -3.182946324860283071e-03 -3.182975414024753064e-03 -3.183000034005946562e-03 -3.183020597712107620e-03 -3.183037551485511877e-03 -3.183051351021922142e-03 -3.183062441936172944e-03 -3.183071245082518940e-03 -3.183078146398962607e-03 -3.183083490798703074e-03 -3.183087579478674489e-03 -3.183090669945864374e-03 -3.183092978062045195e-03 -3.183094681459234122e-03 -3.183095923763907750e-03 -3.183096819171533833e-03 -3.183097457020912617e-03 -3.183097906120120960e-03 -3.183098218665820784e-03 -3.183098433671776965e-03 -3.183098579879508651e-03 -3.183098678164888919e-03 -3.183098743481085815e-03 -3.183098786393191975e-03 -3.183098814265847547e-03 -3.183098832164823252e-03 -3.183098843529059193e-03 -3.183098850662922571e-03 -3.183098855090756105e-03 -3.183098857808125837e-03
-3.183098855651745728e-03 -3.183098851480283074e-03 -3.183098844683068807e-03 -3.183098833731799835e-03 -3.183098816286440008e-03 -3.183098788809532540e-03 -3.183098746021923581e-03 -3.183098680147094985e-03 -3.183098579879508651e-03 -3.183098429000579942e-03 -3.183098204555540999e-03 -3.183097874497619034e-03 -3.183097394705401793e-03 -3.183096705288446411e-03 -3.183095726119104015e-03 -3.183094351569366095e-03 -3.183092444494293148e-03 -3.183089829591212623e-03 -3.183086286377596885e-03 -3.183081542168654954e-03 -3.183075265592691123e-03 -3.183067061347998657e-03 -3.183056467063971780e-03 -3.183042953260703523e-03 -3.183025927480672909e-03 -3.183004743666054646e-03 -3.182978717748791760e-03 -3.182947150185488818e-03 -3.182909355791387496e-03 -3.182864700706664659e-03 -3.182812645680448051e-03 -3.182752794119640769e-03 -3.182684942577442173e-03 -3.182609130624924811e-03 -3.182525686445338790e-03 -3.182435264106225122e-03 -3.182338868383465663e-03 -3.182237863299582949e-03 -3.182133961230581426e-03 -3.182029190525427313e-03 -3.181925841017217184e-03 -3.181826388485873257e-03 -3.181733400918294614e-03 -3.181649431134308745e-03 -3.181576901825359377e-03 -3.181517990117480651e-03 -3.181474519282227569e-03 -3.181447865091158005e-03 -3.181438883518499221e-03 -3.181447865091158005e-03 -3.181474519282227569e-03 -3.181517990117480651e-03 -3.181576901825359377e-03 -3.181649431134308745e-03 -3.181733400918294614e-03 -3.181826388485873257e-03 -3.181925841017217184e-03 -3.182029190525427313e-03 -3.182133961230581426e-03 -3.182237863299582949e-03 -3.182338868383465663e-03 -3.182435264106225122e-03 -3.182525686445338790e-03 -3.182609130624924811e-03 -3.182684942577442173e-03 -3.182752794119640769e-03 -3.182812645680448051e-03 -3.182864700706664659e-03 -3.182909355791387496e-03 -3.182947150185488818e-03 -3.182978717748791760e-03 -3.183004743666054646e-03 -3.183025927480672909e-03 -3.183042953260703523e-03 -3.183056467063971780e-03 -3.183067061347998657e-03 -3.183075265592691123e-03 -3.183081542168654954e-03 -3.183086286377596885e-03 -3.183089829591212623e-03 -3.183092444494293148e-03 -3.183094351569366095e-03 -3.183095726119104015e-03 -3.183096705288446411e-03 -3.183097394705401793e-03 -3.183097874497619034e-03 -3.183098204555540999e-03 -3.183098429000579942e-03 -3.183098579879508651e-03 -3.183098680147094985e-03 -3.183098746021923581e-03 -3.183098788809532540e-03 -3.183098816286440008e-03 -3.183098833731799835e-03 -3.183098844683068807e-03 -3.183098851480283074e-03 -3.183098855651745728e-03
-3.183098852443950154e-03 -3.183098846109401817e-03 -3.183098835787535625e-03 -3.183098819157555680e-03 -3.183098792666015815e-03 -3.183098750941133585e-03 -3.183098685966282565e-03 -3.183098585932481010e-03 -3.183098433671776965e-03 -3.183098204555540999e-03 -3.183097863725956825e-03 -3.183097362518602560e-03 -3.183096633933188337e-03 -3.183095587023464061e-03 -3.183094100112098326e-03 -3.183092012798352435e-03 -3.183089116821652236e-03 -3.183085145977240706e-03 -3.183079765452782005e-03 -3.183072561164523168e-03 -3.183063029910087292e-03 -3.183050571406586312e-03 -3.183034483524084003e-03 -3.183013962224239685e-03 -3.182988107834462156e-03 -3.182955939287755113e-03 -3.182916417796931643e-03 -3.182868481074824663e-03 -3.182811088638486108e-03 -3.182743277944120007e-03 -3.182664230115750652e-03 -3.182573342909457512e-03 -3.182470307382397924e-03 -3.182355183624972859e-03 -3.182228469997764285e-03 -3.182091159730868896e-03 -3.181944778620301399e-03 -3.181791397993769671e-03 -3.181633618168945837e-03 -3.181474519282227569e-03 -3.181317578545072439e-03 -3.181166555537306290e-03 -3.181025349859071052e-03 -3.180897838078650987e-03 -3.180787699158698408e-03 -3.180698239160081094e-03 -3.180632226800201526e-03 -3.180591751248191667e-03 -3.180578112338261400e-03 -3.180591751248191667e-03 -3.180632226800201526e-03 -3.180698239160081094e-03 -3.180787699158698408e-03 -3.180897838078650987e-03 -3.181025349859071052e-03 -3.181166555537306290e-03 -3.181317578545072439e-03 -3.181474519282227569e-03 -3.181633618168945837e-03 -3.181791397993769671e-03 -3.181944778620301399e-03 -3.182091159730868896e-03 -3.182228469997764285e-03 -3.182355183624972859e-03 -3.182470307382397924e-03 -3.182573342909457512e-03 -3.182664230115750652e-03 -3.182743277944120007e-03 -3.182811088638486108e-03 -3.182868481074824663e-03 -3.182916417796931643e-03 -3.182955939287755113e-03 -3.182988107834462156e-03 -3.183013962224239685e-03 -3.183034483524084003e-03 -3.183050571406586312e-03 -3.183063029910087292e-03 -3.183072561164523168e-03 -3.183079765452782005e-03 -3.183085145977240706e-03 -3.183089116821652236e-03 -3.183092012798352435e-03 -3.183094100112098326e-03 -3.183095587023464061e-03 -3.183096633933188337e-03 -3.183097362518602560e-03 -3.183097863725956825e-03 -3.183098204555540999e-03 -3.183098433671776965e-03 -3.183098585932481010e-03 -3.183098685966282565e-03 -3.183098750941133585e-03 -3.183098792666015815e-03 -3.183098819157555680e-03 -3.183098835787535625e-03 -3.183098846109401817e-03 -3.183098852443950154e-03
-3.183098847726722243e-03 -3.183098838211246163e-03 -3.183098822706198396e-03 -3.183098797725383670e-03 -3.183098757930972848e-03 -3.183098695253713199e-03 -3.183098597651386804e-03 -3.183098447385067451e-03 -3.183098218665820784e-03 -3.183097874497619034e-03 -3.183097362518602560e-03 -3.183096609627245228e-03 -3.183095515178696079e-03 -3.183093942557550793e-03 -3.183091708985542456e-03 -3.183088573515828728e-03 -3.183084223308652472e-03 -3.183078258483088875e-03 -3.183070176098962752e-03 -3.183059354138109264e-03 -3.183045036712336961e-03 -3.183026322103434894e-03 -3.183002155603095393e-03 -3.182971329420744306e-03 -3.182932492108297550e-03 -3.182884169950623426e-03 -3.182824802527889092e-03 -3.182752794119640769e-03 -3.182666581758749041e-03 -3.182564719554808238e-03 -3.182445977428809223e-03 -3.182309450716767213e-03 -3.182154675338507745e-03 -3.181981741559154319e-03 -3.181791397993769671e-03 -3.181585136628353825e-03 -3.181365249445703043e-03 -3.181134847902016352e-03 -3.180897838078650987e-03 -3.180658846819274261e-03 -3.180423097436020988e-03 -3.180196237402206118e-03 -3.179984124523426575e-03 -3.179792582007846726e-03 -3.179627136229257450e-03 -3.179492753405000621e-03 -3.179393592579004505e-03 -3.179332792008062424e-03 -3.179312304245212467e-03 -3.179332792008062424e-03 -3.179393592579004505e-03 -3.179492753405000621e-03 -3.179627136229257450e-03 -3.179792582007846726e-03 -3.179984124523426575e-03 -3.180196237402206118e-03 -3.180423097436020988e-03 -3.180658846819274261e-03 -3.180897838078650987e-03 -3.181134847902016352e-03 -3.181365249445703043e-03 -3.181585136628353825e-03 -3.181791397993769671e-03 -3.181981741559154319e-03 -3.182154675338507745e-03 -3.182309450716767213e-03 -3.182445977428809223e-03 -3.182564719554808238e-03 -3.182666581758749041e-03 -3.182752794119640769e-03 -3.182824802527889092e-03 -3.182884169950623426e-03 -3.182932492108297550e-03 -3.182971329420744306e-03 -3.183002155603095393e-03 -3.183026322103434894e-03 -3.183045036712336961e-03 -3.183059354138109264e-03 -3.183070176098962752e-03 -3.183078258483088875e-03 -3.183084223308652472e-03 -3.183088573515828728e-03 -3.183091708985542456e-03 -3.183093942557550793e-03 -3.183095515178696079e-03 -3.183096609627245228e-03 -3.183097362518602560e-03 -3.183097874497619034e-03 -3.183098218665820784e-03 -3.183098447385067451e-03 -3.183098597651386804e-03 -3.183098695253713199e-03 -3.183098757930972848e-03 -3.183098797725383670e-03 -3.183098822706198396e-03 -3.183098838211246163e-03 -3.183098847726722243e-03
-3.183098840869473967e-03 -3.183098826730007894e-03 -3.183098803690373457e-03 -3.183098766570278265e-03 -3.183098707438007571e-03 -3.183098614303101100e-03 -3.183098469271497619e-03 -3.183098245984142434e-03 -3.183097906120120960e-03 -3.183097394705401793e-03 -3.183096633933188337e-03 -3.183095515178696079e-03 -3.183093888889300394e-03 -3.183091552062142400e-03 -3.183088233098930499e-03 -3.183083573966117869e-03 -3.183077109801305503e-03 -3.183068246403780027e-03 -3.183056236432540726e-03 -3.183040155603347743e-03 -3.183018880708581282e-03 -3.182991071845360422e-03 -3.182955161776066400e-03 -3.182909355791387496e-03 -3.182851645714978445e-03 -3.182779841688490336e-03 -3.182691625015234525e-03 -3.182584624543771321e-03 -3.182456517792271906e-03 -3.182305156248376506e-03 -3.182128712083404174e-03 -3.181925841017217184e-03 -3.181695853452605471e-03 -3.181438883518499221e-03 -3.181156043615056099e-03 -3.180849550750112532e-03 -3.180522810682047830e-03 -3.180180446860934006e-03 -3.179828263505429711e-03 -3.179473135846717924e-03 -3.179122825434798141e-03 -3.178785724099485177e-03 -3.178470536212613887e-03 -3.178185914736167492e-03 -3.177940071552833295e-03 -3.177740386184113846e-03 -3.177593038736914975e-03 -3.177502692485494312e-03 -3.177472248814574608e-03 -3.177502692485494312e-03 -3.177593038736914975e-03 -3.177740386184113846e-03 -3.177940071552833295e-03 -3.178185914736167492e-03 -3.178470536212613887e-03 -3.178785724099485177e-03 -3.179122825434798141e-03 -3.179473135846717924e-03 -3.179828263505429711e-03 -3.180180446860934006e-03 -3.180522810682047830e-03 -3.180849550750112532e-03 -3.181156043615056099e-03 -3.181438883518499221e-03 -3.181695853452605471e-03 -3.181925841017217184e-03 -3.182128712083404174e-03 -3.182305156248376506e-03 -3.182456517792271906e-03 -3.182584624543771321e-03 -3.182691625015234525e-03 -3.182779841688490336e-03 -3.182851645714978445e-03 -3.182909355791387496e-03 -3.182955161776066400e-03 -3.182991071845360422e-03 -3.183018880708581282e-03 -3.183040155603347743e-03 -3.183056236432540726e-03 -3.183068246403780027e-03 -3.183077109801305503e-03 -3.183083573966117869e-03 -3.183088233098930499e-03 -3.183091552062142400e-03 -3.183093888889300394e-03 -3.183095515178696079e-03 -3.183096633933188337e-03 -3.183097394705401793e-03 -3.183097906120120960e-03 -3.183098245984142434e-03 -3.183098469271497619e-03 -3.183098614303101100e-03 -3.183098707438007571e-03 -3.183098766570278265e-03 -3.183098803690373457e-03 -3.183098826730007894e-03 -3.183098840869473967e-03
-3.183098831016243323e-03 -3.183098810232532633e-03 -3.183098776366394874e-03 -3.183098721803278696e-03 -3.183098634884294967e-03 -3.183098497984573373e-03 -3.183098284801493243e-03 -3.183097956589676144e-03 -3.183097457020912617e-03 -3.183096705288446411e-03 -3.183095587023464061e-03 -3.183093942557550793e-03 -3.183091552062142400e-03 -3.183088117141761285e-03 -3.183083238571970518e-03 -3.183076390076478891e-03 -3.183066888350437069e-03 -3.183053859973605272e-03 -3.183036206423643568e-03 -3.183012569087972313e-03 -3.182981296954991504e-03 -3.182940420491053857e-03 -3.182887636001417459e-03 -3.182820305428931979e-03 -3.182735476939596662e-03 -3.182629931643624413e-03 -3.182500261270751994e-03 -3.182342980447070216e-03 -3.182154675338507745e-03 -3.181932187830068502e-03 -3.181672831182184250e-03 -3.181374629427043740e-03 -3.181036568920355637e-03 -3.180658846819274261e-03 -3.180243098249427389e-03 -3.179792582007846726e-03 -3.179312304245212467e-03 -3.178809061006678763e-03 -3.178291383958312382e-03 -3.177769379055804099e-03 -3.177254455061753052e-03 -3.176758947191952922e-03 -3.176295650070138331e-03 -3.175877282752303035e-03 -3.175515915948562504e-03 -3.175222396874861214e-03 -3.175005809718319146e-03 -3.174873009061969422e-03 -3.174828259673740608e-03 -3.174873009061969422e-03 -3.175005809718319146e-03 -3.175222396874861214e-03 -3.175515915948562504e-03 -3.175877282752303035e-03 -3.176295650070138331e-03 -3.176758947191952922e-03 -3.177254455061753052e-03 -3.177769379055804099e-03 -3.178291383958312382e-03 -3.178809061006678763e-03 -3.179312304245212467e-03 -3.179792582007846726e-03 -3.180243098249427389e-03 -3.180658846819274261e-03 -3.181036568920355637e-03 -3.181374629427043740e-03 -3.181672831182184250e-03 -3.181932187830068502e-03 -3.182154675338507745e-03 -3.182342980447070216e-03 -3.182500261270751994e-03 -3.182629931643624413e-03 -3.182735476939596662e-03 -3.182820305428931979e-03 -3.182887636001417459e-03 -3.182940420491053857e-03 -3.182981296954991504e-03 -3.183012569087972313e-03 -3.183036206423643568e-03 -3.183053859973605272e-03 -3.183066888350437069e-03 -3.183076390076478891e-03 -3.183083238571970518e-03 -3.183088117141761285e-03 -3.183091552062142400e-03 -3.183093942557550793e-03 -3.183095587023464061e-03 -3.183096705288446411e-03 -3.183097457020912617e-03 -3.183097956589676144e-03 -3.183098284801493243e-03 -3.183098497984573373e-03 -3.183098634884294967e-03 -3.183098721803278696e-03 -3.183098776366394874e-03 -3.183098810232532633e-03 -3.183098831016243323e-03
-3.183098817021836995e-03 -3.183098786801397129e-03 -3.183098737558526931e-03 -3.183098658221330396e-03 -3.183098531837262688e-03 -3.183098332778980678e-03 -3.183098022801303471e-03 -3.183097545566728262e-03 -3.183096819171533833e-03 -3.183095726119104015e-03 -3.183094100112098326e-03 -3.183091708985542456e-03 -3.183088233098930499e-03 -3.183083238571970518e-03 -3.183076144914578996e-03 -3.183066186897630205e-03 -3.183052370965491849e-03 -3.183033427126299216e-03 -3.183007758079727748e-03 -3.182973388342677859e-03 -3.182927917270875033e-03 -3.182868481074824663e-03 -3.182791730079943468e-03 -3.182693828433839217e-03 -3.182570484038627773e-03 -3.182417016485437032e-03 -3.182228469997764285e-03 -3.181999776686973876e-03 -3.181725972686539217e-03 -3.181402465956835891e-03 -3.181025349859071052e-03 -3.180591751248191667e-03 -3.180100196240326881e-03 -3.179550971510746588e-03 -3.178946454604815366e-03 -3.178291383958312382e-03 -3.177593038736914975e-03 -3.176861300692449246e-03 -3.176108575246718285e-03 -3.175349556908635580e-03 -3.174600834526287562e-03 -3.173880344051896799e-03 -3.173206689437259049e-03 -3.172598364755315793e-03 -3.172072921355272197e-03 -3.171646131571411072e-03 -3.171331204215712372e-03 -3.171138106156681531e-03 -3.171073038556510796e-03 -3.171138106156681531e-03 -3.171331204215712372e-03 -3.171646131571411072e-03 -3.172072921355272197e-03 -3.172598364755315793e-03 -3.173206689437259049e-03 -3.173880344051896799e-03 -3.174600834526287562e-03 -3.175349556908635580e-03 -3.176108575246718285e-03 -3.176861300692449246e-03 -3.177593038736914975e-03 -3.178291383958312382e-03 -3.178946454604815366e-03 -3.179550971510746588e-03 -3.180100196240327314e-03 -3.180591751248191667e-03 -3.181025349859071052e-03 -3.181402465956835891e-03 -3.181725972686539217e-03 -3.181999776686973876e-03 -3.182228469997764285e-03 -3.182417016485437032e-03 -3.182570484038627773e-03 -3.182693828433839217e-03 -3.182791730079943468e-03 -3.182868481074824663e-03 -3.182927917270875033e-03 -3.182973388342677859e-03 -3.183007758079727748e-03 -3.183033427126299216e-03 -3.183052370965491849e-03 -3.183066186897630205e-03 -3.183076144914578996e-03 -3.183083238571970518e-03 -3.183088233098930499e-03 -3.183091708985542456e-03 -3.183094100112098326e-03 -3.183095726119104015e-03 -3.183096819171533833e-03 -3.183097545566728262e-03 -3.183098022801303471e-03 -3.183098332778980678e-03 -3.183098531837262688e-03 -3.183098658221330396e-03 -3.183098737558526931e-03 -3.183098786801397129e-03 -3.183098817021836995e-03
